P2
188 120
255
29 32 31 32 34 36 36 37 37 34 31 18 23 33 35 31 26 84 126 39 20 20 42 39 31 27 6 2 12 22 22 22 22 20 14 11 13 16 23 29 14 17 20 21 121 255 255 255 245 80 30 33 31 32 43 41 35 72 83 102 88 58 55 61 93 136 128 110 119 130 127 100 101 114 127 140 148 166 180 194 204 223 224 242 253 249 244 220 195 176 192 143 110 99 89 80 65 52 34 20 10 5 10 51 38 28 32 13 11 10 10 10 8 4 2 10 8 10 13 9 5 4 3 2 2 5 11 21 25 15 13 21 22 17 13 35 42 43 46 50 57 64 15 9 10 10 63 27 8 7 7 8 56 28 9 9 10 10 15 171 229 49 15 11 66 43 11 10 10 9 10 11 12 20 150 120 48 71 13 9 9 8 9 8 8 9 9 10 
35 36 35 35 37 38 39 40 39 38 31 18 23 33 34 25 40 192 119 26 18 22 51 40 32 29 10 2 5 16 22 20 21 16 13 18 32 30 25 32 17 17 17 17 81 234 255 255 242 89 32 29 26 29 36 28 28 48 63 72 65 56 58 60 57 58 58 56 63 66 68 59 59 61 62 63 68 73 79 82 83 97 101 116 134 157 174 198 204 218 215 187 147 198 162 146 160 149 141 98 78 59 52 56 44 37 21 10 11 11 11 10 9 6 3 4 6 8 7 8 12 10 6 2 1 2 3 3 7 18 22 15 12 19 25 36 42 44 47 51 56 65 17 10 10 10 60 29 7 6 7 8 52 28 8 8 9 10 13 56 249 101 21 15 63 45 12 10 10 10 10 11 11 30 247 140 42 73 11 8 8 7 8 8 8 9 11 11 
35 36 37 38 39 40 39 39 39 37 32 18 21 31 31 22 63 225 77 18 19 42 68 37 35 33 19 2 3 8 17 20 16 11 13 25 24 12 26 36 19 18 20 29 83 161 225 202 143 80 32 28 22 24 26 25 24 35 46 58 60 53 54 56 56 62 64 64 56 58 61 47 46 41 42 42 45 38 42 41 44 52 49 54 54 59 65 71 77 90 110 102 131 152 158 136 175 200 223 206 170 164 143 113 97 85 54 33 20 10 8 9 10 8 4 6 7 5 5 6 7 7 9 7 3 2 3 1 2 3 7 16 22 21 28 37 43 45 48 52 56 67 19 15 17 15 59 31 7 8 9 9 49 31 7 8 9 10 21 26 79 51 36 29 65 50 12 10 9 10 10 11 12 40 255 104 36 73 10 7 8 8 7 7 8 8 9 12 
35 36 38 39 39 40 40 41 41 38 34 19 21 29 25 20 77 188 51 11 23 35 38 58 95 72 46 13 3 5 8 12 10 10 17 16 11 12 21 39 24 23 30 38 64 145 189 146 108 70 34 28 25 26 26 26 22 31 45 59 72 74 81 78 74 98 103 95 54 52 58 48 46 43 43 37 47 36 35 34 35 36 36 34 32 33 32 36 38 45 54 64 105 106 122 121 87 96 112 118 127 141 153 184 170 158 135 119 99 80 71 37 22 14 6 11 20 9 6 5 15 7 4 4 6 8 6 6 8 14 25 28 48 36 23 36 43 45 48 51 56 68 26 18 20 17 56 33 32 41 42 39 54 32 8 14 15 14 20 22 23 22 35 40 71 52 12 10 10 10 11 11 12 31 159 39 32 75 11 8 7 8 7 7 7 9 12 61 
36 38 39 41 41 43 42 42 41 40 34 19 18 24 19 22 64 132 46 13 16 23 84 223 247 212 164 147 46 4 4 6 6 8 12 15 17 9 31 47 26 23 33 42 48 122 170 116 86 64 34 29 30 32 35 34 26 28 43 38 43 70 74 77 89 157 157 120 86 81 68 64 54 52 55 40 39 47 42 30 30 31 55 33 31 31 31 31 31 32 38 33 52 134 74 78 49 46 52 60 64 71 67 89 97 123 124 133 136 130 135 126 107 78 52 64 108 41 8 6 23 10 4 3 3 4 14 4 4 5 7 9 20 87 53 49 43 45 48 51 54 61 27 34 36 24 58 44 83 103 104 101 68 40 22 35 23 20 21 26 27 24 30 39 68 54 12 10 10 10 10 11 12 86 243 42 32 76 11 7 7 7 7 7 8 10 33 210 
37 38 40 41 42 43 41 42 42 40 35 19 14 21 16 21 57 128 51 25 32 41 167 254 255 255 250 201 145 19 5 2 3 6 14 18 21 8 30 52 30 28 36 52 99 100 128 179 131 69 40 41 42 38 38 40 28 23 34 28 27 44 50 57 66 123 142 110 98 99 68 67 58 52 49 33 20 27 26 24 24 26 64 65 58 56 49 43 37 35 35 34 54 55 70 71 37 35 39 39 38 37 36 42 50 63 65 78 79 85 100 112 115 121 110 108 99 93 49 32 77 47 7 4 3 3 21 3 4 5 6 6 9 64 43 71 42 76 61 49 54 57 49 60 62 64 73 59 85 97 98 97 74 52 38 47 33 37 25 39 43 33 20 34 67 54 14 11 11 9 10 11 12 84 180 33 34 77 10 7 7 7 7 7 8 20 177 231 
37 38 39 40 41 41 36 42 42 39 34 20 13 20 17 22 48 113 53 32 32 85 209 254 255 255 255 216 147 77 20 13 8 15 12 16 23 19 33 60 34 30 37 49 84 192 241 206 190 81 48 46 41 37 35 33 32 21 20 20 17 19 21 21 22 26 27 21 20 21 23 22 20 19 19 16 20 21 23 25 28 24 62 59 62 69 71 64 61 63 56 50 166 173 123 106 43 36 36 34 37 36 36 36 37 41 43 47 47 48 53 58 61 75 81 93 113 112 108 100 106 94 38 14 7 7 34 2 1 2 2 2 7 58 24 27 38 167 96 24 23 27 20 24 25 27 33 55 69 52 54 60 68 84 77 74 74 80 83 88 87 79 68 69 85 70 39 30 26 21 19 18 18 20 24 20 30 77 12 8 8 8 8 8 10 109 250 91 
35 38 39 39 40 43 42 43 42 39 33 20 12 18 19 22 49 115 51 32 27 69 174 255 253 249 213 130 158 120 20 7 6 12 8 14 15 29 33 61 35 30 39 40 50 77 127 154 125 75 43 40 36 32 29 28 26 23 20 21 20 25 23 10 9 36 36 9 7 7 8 10 9 8 16 24 15 14 15 17 18 25 59 34 25 25 23 25 29 30 31 39 231 245 132 105 52 55 58 56 53 47 39 35 33 34 32 33 33 36 42 48 53 55 56 63 78 84 84 90 109 104 95 80 69 45 48 25 24 19 16 17 21 56 57 63 76 147 107 62 71 53 18 15 13 11 25 51 52 17 6 5 27 60 23 6 7 8 14 18 22 27 34 47 56 62 71 78 83 86 87 86 80 70 58 50 47 81 21 16 14 16 12 13 14 52 69 18 
38 38 39 39 38 37 42 42 41 37 31 19 11 21 21 23 44 116 55 23 21 64 148 250 255 236 196 135 194 89 23 5 16 13 7 15 17 19 30 72 40 33 41 40 72 111 145 202 167 102 39 31 30 30 31 32 36 35 30 32 28 34 30 24 31 63 67 56 54 58 60 58 46 42 45 41 27 26 26 22 20 26 59 46 40 41 39 39 36 33 30 32 39 34 35 30 20 24 29 37 42 48 47 47 48 44 41 41 35 31 39 34 33 34 40 50 54 57 65 75 87 89 102 89 100 93 86 99 152 128 98 86 85 89 95 97 101 105 110 115 121 122 134 143 123 103 105 82 68 35 10 10 55 45 23 9 8 8 9 8 8 8 8 7 7 6 6 6 7 8 10 16 26 43 60 71 81 86 86 84 86 84 69 44 27 20 18 21 
37 37 38 38 31 35 39 38 34 32 30 22 14 23 23 23 41 114 55 11 18 28 171 237 255 251 188 218 89 43 22 4 14 14 19 26 16 21 25 62 42 35 43 47 78 125 130 245 152 93 114 57 73 63 49 55 55 53 43 31 29 71 51 27 43 122 123 128 126 121 115 112 107 103 110 113 97 80 84 97 100 31 58 91 98 92 87 79 73 66 58 50 25 22 32 22 6 7 6 6 7 8 12 16 22 29 33 37 38 28 32 35 34 33 40 35 32 33 43 49 51 53 59 63 83 119 99 105 195 191 91 56 51 61 59 60 63 65 67 71 87 114 208 210 192 206 201 181 140 88 23 17 55 47 32 10 10 11 10 10 10 11 11 10 9 8 10 10 10 9 8 8 7 7 7 6 6 12 11 18 31 42 58 74 86 91 88 82 
31 28 29 31 31 36 37 37 34 26 21 23 17 26 25 24 39 122 58 7 17 26 42 136 196 148 125 126 35 27 21 11 12 14 27 23 21 31 35 51 52 65 85 101 228 238 173 207 151 137 185 100 165 187 149 165 217 162 168 156 132 120 159 87 23 115 176 159 155 153 147 139 128 121 122 126 128 106 91 86 103 36 57 112 134 134 133 132 129 127 123 107 39 15 89 84 57 66 59 49 39 28 19 11 9 9 10 12 16 13 17 20 24 29 43 51 53 53 42 39 38 48 45 38 37 40 46 55 82 86 57 48 44 46 43 44 43 43 44 44 50 70 169 173 193 199 206 203 136 118 87 13 22 32 27 10 10 10 10 11 10 11 11 11 9 9 11 11 11 11 11 10 11 11 11 10 8 10 8 8 7 7 7 7 7 11 21 32 
25 23 23 23 34 38 38 40 38 35 30 26 19 27 24 26 40 129 66 13 6 21 23 27 49 52 49 49 27 24 20 11 13 20 25 31 39 47 74 54 52 75 182 247 255 255 255 255 229 232 178 129 227 255 254 250 226 236 243 255 248 208 237 230 39 51 211 204 176 179 175 160 144 128 128 127 136 144 121 106 122 44 57 142 179 185 172 166 163 151 143 86 46 25 46 30 46 96 114 119 119 123 119 111 97 56 22 14 15 7 4 4 7 13 42 30 22 24 25 34 39 41 41 43 42 34 23 24 36 32 39 60 49 38 35 31 30 32 31 32 30 28 33 38 44 52 58 65 57 56 66 45 27 27 23 10 10 10 10 10 10 11 11 10 8 9 10 10 11 10 9 10 10 11 11 10 8 9 8 9 10 10 9 10 8 9 8 8 
25 24 25 31 41 41 40 41 42 41 34 27 21 29 24 25 40 124 76 19 10 13 22 27 32 23 17 25 27 25 23 14 15 21 36 49 101 161 108 135 189 218 255 255 255 255 255 255 255 255 252 240 252 248 255 255 255 254 251 255 255 255 246 255 89 43 164 234 216 225 226 224 212 191 183 178 174 171 161 153 192 64 55 173 218 240 248 247 249 244 234 78 155 120 173 73 27 103 116 157 144 142 144 141 136 134 122 108 85 59 42 30 21 20 42 35 14 9 7 19 18 21 20 25 30 27 19 19 26 28 26 35 30 23 23 23 23 22 22 22 22 23 30 34 39 39 38 40 36 32 29 45 33 43 23 9 9 10 9 10 10 10 10 9 8 8 10 10 10 11 10 10 11 11 10 10 8 9 9 10 10 10 11 11 10 10 11 11 
37 32 35 47 51 47 44 44 45 43 36 28 23 32 28 25 42 113 83 24 18 16 15 22 25 19 16 21 24 24 18 12 13 16 68 181 233 254 200 229 255 255 255 255 255 255 255 255 255 255 255 255 255 255 250 255 255 255 255 255 255 255 253 253 139 37 117 255 255 255 255 255 255 255 255 255 255 222 120 115 204 81 53 176 241 248 249 247 243 228 176 69 177 99 181 76 25 75 130 202 181 160 171 162 156 150 154 146 135 117 105 113 107 90 45 90 88 74 59 57 40 29 11 5 12 11 6 8 7 6 6 8 7 6 16 17 19 18 21 23 26 16 21 26 30 28 26 27 28 34 31 26 36 47 22 9 9 9 9 9 9 10 10 9 7 8 10 9 10 10 10 10 10 10 10 10 7 9 8 9 10 10 10 10 10 10 11 11 
52 45 47 57 58 50 47 45 50 46 39 31 26 37 34 30 35 55 47 38 53 40 16 19 22 27 27 26 28 29 20 14 12 15 29 222 255 255 253 246 255 255 255 255 255 255 255 255 255 255 255 255 255 255 254 255 255 255 255 252 255 255 248 231 132 49 59 252 244 235 237 237 236 234 227 219 211 198 124 90 77 47 50 115 154 158 155 154 152 151 94 93 142 84 148 67 42 38 85 133 129 144 145 138 141 141 143 146 139 122 113 113 130 100 45 117 135 126 123 122 123 114 101 83 69 49 32 31 24 16 14 13 13 10 8 9 12 12 15 20 23 20 19 15 13 16 13 9 10 11 24 39 50 47 23 9 9 9 9 9 9 9 9 8 7 7 9 9 9 9 10 10 10 10 10 9 7 8 8 9 9 10 10 11 10 11 11 11 
47 36 37 56 58 53 49 49 53 52 50 46 39 31 33 37 37 39 43 44 57 54 51 51 49 67 59 46 41 37 39 37 23 19 19 131 255 255 255 255 255 255 255 255 255 255 255 255 255 255 255 255 255 255 252 255 255 255 253 191 254 252 226 170 88 52 37 171 139 131 129 120 114 111 107 103 101 96 82 66 44 33 48 82 104 108 98 94 93 90 57 87 86 58 101 68 77 44 57 97 96 104 106 100 105 110 113 115 125 110 91 85 101 91 44 105 122 134 125 126 128 128 128 123 121 123 118 110 96 88 74 59 48 47 45 44 42 40 42 44 46 49 48 46 45 48 43 39 40 25 16 13 31 49 23 9 9 9 9 9 10 10 10 9 7 7 9 9 9 9 12 12 9 9 9 9 7 8 8 9 9 10 10 10 11 11 11 11 
39 35 37 48 48 48 50 50 50 50 49 46 38 36 35 53 61 63 77 88 88 59 53 51 63 55 60 81 94 114 99 57 77 91 19 42 243 255 255 255 222 255 255 255 255 255 252 208 168 211 187 214 230 234 226 237 247 253 243 215 255 255 255 161 132 43 32 96 101 100 98 91 85 78 74 74 72 67 59 49 32 28 44 65 67 76 69 68 68 63 58 67 50 40 73 58 78 67 45 66 56 63 66 63 71 76 77 69 73 62 57 53 60 64 42 79 90 107 99 97 100 105 96 106 106 105 114 125 132 160 166 102 73 68 68 70 72 74 77 79 88 95 102 108 104 112 152 158 157 128 119 108 97 86 55 31 23 20 15 14 12 12 10 9 7 8 9 8 9 9 13 12 9 9 9 9 6 8 8 8 9 10 10 10 10 11 11 10 
42 42 43 44 39 38 39 40 36 43 49 57 46 37 38 81 95 100 125 165 147 56 114 149 119 130 213 248 255 255 254 178 194 228 41 22 105 255 255 255 247 255 255 255 255 243 178 214 153 182 67 94 131 130 106 140 157 162 179 158 239 182 153 108 105 49 30 70 70 74 68 66 61 56 54 56 55 49 44 43 26 26 43 58 49 57 57 55 54 57 45 51 29 38 49 48 52 69 58 43 40 43 42 50 52 49 52 50 48 42 39 36 43 46 39 67 65 77 76 77 76 80 80 84 91 96 96 99 115 200 208 159 86 63 60 66 71 68 69 71 78 85 91 100 100 110 220 209 173 157 198 206 186 155 131 100 64 25 30 48 25 29 28 28 27 26 22 18 14 12 13 12 10 10 10 8 6 7 7 9 9 9 9 11 10 10 11 9 
37 33 32 33 34 30 33 32 33 38 50 61 40 38 43 131 187 222 245 255 216 51 132 255 255 225 242 255 255 255 255 255 254 246 86 20 29 218 248 246 214 251 251 195 220 159 93 150 96 86 56 53 73 88 102 177 177 105 80 130 240 202 125 81 209 137 27 70 70 70 68 68 64 67 68 68 68 81 65 66 39 37 42 60 50 53 51 53 52 65 40 48 35 34 17 33 37 70 63 40 34 35 29 40 39 36 32 30 31 28 28 26 22 23 38 50 48 47 46 39 34 38 37 39 37 41 45 47 49 62 96 76 57 48 46 49 51 47 49 50 55 57 59 66 81 91 190 167 194 189 237 235 243 239 158 121 117 84 19 8 3 19 4 5 7 21 30 32 32 31 31 31 31 28 23 17 10 9 8 9 9 9 10 10 10 9 10 10 
34 30 30 27 25 24 28 35 41 43 58 58 40 43 50 205 255 255 255 255 219 68 132 255 255 248 247 255 255 255 255 255 255 255 89 21 20 95 176 154 138 168 189 171 113 86 94 87 66 79 72 76 80 103 95 151 138 98 80 88 166 120 100 80 163 98 27 80 88 83 82 78 67 67 51 44 22 67 44 69 102 103 103 131 137 141 145 150 154 158 83 76 55 57 53 64 71 81 79 88 82 70 78 84 177 180 174 173 162 68 67 75 70 62 85 145 124 93 86 105 48 73 37 37 24 24 25 28 33 50 51 47 43 39 34 30 23 23 24 27 32 33 33 37 43 49 83 96 133 147 191 161 173 209 138 98 85 92 59 16 6 24 2 2 2 25 37 40 38 34 32 30 28 26 27 28 27 24 23 30 28 22 17 14 11 9 9 9 
30 29 27 24 23 25 31 40 44 45 59 50 36 40 43 142 236 213 183 150 118 104 130 160 214 216 167 249 233 242 250 199 188 234 69 23 18 44 100 165 89 173 178 194 99 76 68 71 72 87 99 114 110 102 106 167 126 97 87 100 135 103 86 81 104 79 51 67 65 66 67 67 62 54 41 22 20 74 59 165 215 214 213 212 215 213 211 209 217 215 96 59 50 51 59 60 58 57 57 52 117 154 78 81 184 186 187 191 211 70 72 113 113 106 92 166 105 92 96 136 36 68 45 30 22 30 34 32 30 39 50 57 61 59 62 57 31 14 13 15 17 16 16 16 18 21 31 36 45 48 60 59 58 57 53 54 45 48 47 24 19 40 15 15 8 9 30 31 29 30 23 26 33 36 37 35 23 2 3 46 26 16 32 30 28 28 29 23 
25 27 26 25 24 29 28 34 40 35 47 45 39 43 49 62 80 74 70 61 58 67 85 83 113 128 180 210 162 211 193 200 157 145 45 33 18 48 72 103 116 230 110 137 78 73 75 75 68 76 109 119 123 126 114 141 132 108 97 108 136 116 86 98 111 46 54 53 53 54 55 55 54 51 40 24 18 65 58 152 215 204 173 167 165 166 161 159 199 215 98 56 49 50 65 63 61 61 59 43 130 182 77 81 176 178 180 185 203 79 76 143 144 135 92 163 71 76 95 132 11 20 18 13 16 17 18 16 18 36 39 37 35 35 35 36 31 19 14 13 14 14 13 15 15 16 20 22 28 24 23 24 24 20 24 27 27 26 24 21 23 52 39 48 35 18 37 39 38 38 11 13 37 38 35 33 11 1 3 50 22 1 15 2 2 11 27 11 
22 23 22 22 26 30 31 35 41 46 52 49 48 48 48 46 52 52 50 56 72 52 83 97 86 121 93 149 138 190 145 128 122 103 27 36 18 61 88 103 126 117 113 136 124 119 103 118 116 128 126 131 122 139 118 133 139 106 111 133 137 130 87 138 119 43 54 54 54 56 55 56 54 52 44 25 19 81 55 135 215 201 158 159 161 165 165 168 196 204 98 52 47 53 71 64 65 63 59 40 61 79 49 82 194 192 184 168 164 63 54 65 60 57 55 104 42 50 56 52 7 4 7 12 12 10 9 8 8 30 56 53 24 27 32 41 35 13 10 12 12 12 11 12 12 13 16 18 18 18 17 14 16 16 17 19 25 24 17 16 20 30 18 23 20 13 19 23 28 32 17 20 39 41 41 37 13 12 13 54 26 2 2 1 1 1 11 13 
31 37 41 42 40 40 39 37 35 36 42 38 33 34 36 39 41 41 39 49 62 49 60 83 98 118 80 82 85 109 116 116 110 75 14 13 17 89 123 151 132 131 139 140 141 143 116 116 122 141 149 137 139 140 129 144 142 113 95 134 131 113 106 137 103 39 52 54 55 55 53 52 51 50 44 27 19 76 58 129 205 204 196 199 199 198 194 191 186 170 81 42 41 42 60 53 44 34 29 81 94 15 19 45 36 35 24 14 16 14 9 7 7 7 11 19 13 20 35 7 5 5 4 9 10 9 9 9 9 13 15 19 11 9 12 14 19 9 11 11 14 13 12 10 9 10 11 16 20 13 10 10 12 14 15 16 18 28 21 31 17 21 9 15 15 14 12 11 9 10 10 12 15 18 21 21 18 35 40 58 46 20 9 9 6 5 20 38 
47 44 41 37 34 31 30 27 26 25 28 26 20 21 22 29 36 38 36 45 56 43 56 86 98 98 57 79 89 97 88 79 69 34 7 13 25 103 122 117 117 121 137 138 137 134 118 121 126 141 135 122 135 116 124 118 103 84 92 98 88 88 108 104 62 31 52 53 53 53 52 50 51 50 43 27 20 83 55 93 147 133 114 117 83 65 66 87 33 20 11 7 30 19 47 48 26 2 1 61 163 36 16 45 3 2 2 3 4 9 9 9 8 7 6 17 15 18 37 6 1 1 1 2 6 6 7 3 4 7 7 6 5 3 4 9 16 13 12 12 13 13 12 11 8 14 6 6 9 8 4 4 6 10 11 10 11 22 41 35 17 15 4 3 3 4 5 6 5 3 4 3 5 5 8 10 12 17 25 59 45 22 19 24 22 19 32 36 
33 30 28 25 22 19 18 17 16 15 17 24 16 18 23 36 67 70 69 67 50 30 51 77 83 77 53 60 55 49 42 34 22 10 5 15 51 113 121 112 114 126 126 117 125 123 124 115 121 129 102 95 90 81 75 70 65 61 79 93 81 86 88 53 29 29 53 52 50 44 42 37 32 25 18 13 17 72 36 11 12 12 20 52 13 11 44 53 11 7 5 4 28 19 43 52 30 3 1 16 141 80 17 52 2 1 6 9 10 14 15 4 3 5 7 19 19 17 40 8 3 4 3 3 6 8 12 5 5 8 9 4 3 5 5 12 23 18 16 14 14 14 11 10 7 11 4 5 12 10 4 3 4 7 10 12 15 19 26 18 23 12 4 4 4 4 4 4 5 14 55 17 15 12 3 4 7 9 17 59 36 11 9 12 10 20 28 22 
18 16 14 13 14 15 15 15 16 17 18 26 24 30 33 38 71 64 55 49 41 24 26 53 49 39 35 30 21 12 11 10 6 9 11 19 89 111 109 77 60 86 97 96 102 96 93 84 92 77 65 61 52 44 41 39 49 50 49 60 47 40 23 10 5 8 20 15 12 7 7 7 5 3 3 4 16 53 36 13 12 11 10 17 16 20 59 32 15 9 2 2 33 20 40 54 33 1 1 2 84 115 20 48 6 4 9 10 10 16 19 13 12 11 13 25 20 20 43 14 6 8 9 5 6 4 2 5 5 9 8 6 6 8 8 12 21 23 21 17 15 16 11 9 5 9 5 5 12 12 7 8 8 15 19 25 28 41 45 31 44 39 30 11 10 8 7 5 25 82 89 85 62 62 31 10 2 3 13 50 31 9 12 11 9 24 23 16 
11 12 14 15 17 16 16 16 18 22 26 30 29 31 33 34 46 50 39 35 32 18 25 33 35 37 34 30 21 4 4 9 9 10 14 38 84 69 29 11 9 17 34 53 50 47 47 44 40 36 37 34 34 25 22 19 18 16 15 16 14 6 5 4 3 2 5 6 4 3 5 6 6 5 5 7 15 68 41 9 9 10 10 11 12 13 42 19 18 11 5 4 33 20 29 37 25 1 1 2 30 91 39 48 16 15 16 16 11 12 14 15 14 14 32 42 30 39 51 22 7 8 8 6 4 1 1 5 6 13 9 6 7 8 8 13 21 26 25 21 18 18 12 8 5 6 6 7 18 17 12 1 10 22 28 30 43 53 55 25 36 71 77 35 28 17 13 11 32 86 89 89 86 87 85 41 1 1 12 31 23 16 15 8 6 12 16 10 
16 16 15 13 13 15 19 23 25 26 27 31 31 31 32 33 41 46 37 32 28 19 34 37 35 38 34 30 27 18 5 6 11 13 17 40 44 18 5 5 6 6 10 29 38 37 35 33 30 28 25 23 21 19 19 17 16 14 13 12 7 1 3 1 1 1 2 1 2 1 2 28 52 60 74 70 37 80 56 25 25 26 27 75 76 22 29 65 63 50 52 30 33 33 35 45 38 28 28 59 43 44 42 64 100 106 105 92 32 36 42 55 72 84 86 55 44 58 65 39 7 7 5 2 3 1 1 7 7 16 19 8 8 8 10 13 20 29 30 23 21 18 13 7 6 5 8 10 25 20 13 1 17 29 31 36 53 57 56 20 31 32 33 29 29 20 18 13 38 84 87 86 86 86 82 34 1 1 16 39 38 29 22 20 17 13 11 12 
12 11 13 15 18 21 24 26 28 29 30 33 36 44 51 48 42 47 36 26 25 26 36 35 33 37 34 31 27 25 20 10 11 13 17 18 17 4 4 4 5 5 6 19 35 35 33 32 30 27 24 23 19 18 17 16 14 13 11 9 7 1 3 1 1 1 1 1 1 2 12 49 76 101 111 107 46 46 62 60 63 50 44 119 103 30 69 95 97 99 98 45 31 50 70 62 73 58 35 89 28 32 46 63 116 109 97 79 61 148 166 181 186 184 136 121 92 74 96 49 7 11 4 2 4 1 1 11 8 17 19 8 9 10 10 14 22 35 36 31 53 29 19 18 17 10 11 13 30 23 18 6 21 29 31 45 56 58 53 19 30 27 26 26 27 26 20 13 42 83 84 83 83 83 76 26 1 1 19 35 34 14 2 3 5 8 16 17 
11 12 15 20 24 29 31 33 37 38 41 44 41 46 40 34 27 22 22 26 27 39 36 35 33 32 31 29 26 23 17 16 18 20 23 22 18 3 3 3 4 4 5 17 35 35 32 30 29 26 24 21 19 17 15 14 12 10 9 7 6 1 3 4 4 2 2 12 2 1 11 33 43 77 76 73 36 43 51 38 39 36 48 98 75 68 44 71 90 99 84 45 33 50 62 66 74 73 74 119 104 96 61 53 58 60 64 72 62 182 193 195 189 186 139 131 83 76 93 52 9 20 34 55 48 35 25 56 80 80 77 11 11 14 38 34 25 77 88 75 76 58 39 39 40 30 22 19 28 21 16 9 20 28 34 52 56 57 50 17 29 26 26 26 27 26 19 14 46 81 82 82 82 77 70 22 1 1 21 29 30 10 1 1 1 1 3 6 
14 16 20 26 34 38 38 38 40 38 34 30 27 24 23 27 28 17 24 41 30 40 39 37 36 32 29 26 22 20 18 25 27 23 25 27 30 15 5 5 7 12 13 24 34 33 31 29 27 25 22 20 18 16 14 12 11 9 8 7 5 1 4 13 12 2 1 13 2 1 2 18 25 17 18 22 24 37 39 12 12 12 13 17 53 44 28 33 63 85 103 107 119 80 106 144 155 169 173 159 115 170 99 55 87 118 123 113 62 173 184 188 178 160 105 44 28 58 86 115 108 116 128 131 131 124 108 113 112 69 103 77 71 76 81 82 79 101 110 118 116 130 132 111 52 27 23 20 17 16 8 6 17 20 26 32 34 38 36 15 28 25 26 25 26 25 17 15 50 79 80 80 77 75 73 33 4 1 25 29 28 9 3 1 1 1 1 1 
18 25 35 41 42 41 37 31 30 31 28 24 22 20 21 36 36 19 22 41 32 38 37 33 32 29 27 25 22 21 21 37 31 29 61 72 42 17 12 13 14 34 94 103 42 32 29 27 25 23 21 19 17 15 14 13 11 10 8 6 4 2 4 12 11 1 1 1 3 1 1 8 8 13 27 37 27 38 43 14 14 11 22 32 66 74 129 169 190 200 201 198 188 74 147 178 181 182 179 134 88 161 94 57 94 113 97 89 66 141 137 134 120 105 42 48 71 78 95 132 133 132 134 135 133 119 76 83 106 91 101 105 118 112 142 123 137 143 142 133 123 99 65 52 28 12 21 14 9 7 6 8 25 35 49 49 48 45 33 11 27 16 17 16 18 19 16 16 55 76 76 74 75 73 68 54 13 2 29 30 31 10 3 1 1 1 1 3 
33 35 33 33 34 37 40 39 39 38 31 26 22 20 16 35 36 20 20 37 32 32 30 31 30 28 27 24 22 22 26 43 40 80 90 60 38 18 12 16 27 81 92 119 95 32 30 28 28 26 25 21 19 18 18 18 18 19 24 15 11 11 12 11 11 2 1 1 2 1 1 9 19 14 18 19 21 37 57 43 45 48 53 54 52 106 196 196 183 180 169 160 143 66 150 177 175 167 166 119 55 61 33 54 69 75 83 91 102 109 112 129 121 106 43 57 101 94 100 130 132 133 136 132 128 115 70 78 114 106 141 122 144 135 124 108 93 108 90 65 64 49 58 46 27 15 16 5 1 1 1 5 25 34 38 39 42 44 37 19 31 25 22 21 20 17 21 18 36 43 44 50 55 62 57 47 19 3 31 31 31 8 3 2 1 1 1 5 
36 35 41 43 41 41 41 37 34 31 28 23 19 16 12 29 32 20 19 37 34 28 30 29 29 29 27 24 22 21 27 38 79 94 70 55 37 25 19 21 46 89 97 89 125 44 34 31 27 25 24 23 24 24 22 21 18 14 23 27 15 11 11 10 11 2 1 1 1 1 2 10 22 36 29 28 40 38 62 51 50 50 51 52 49 98 198 192 143 143 147 152 151 73 145 172 165 152 127 91 47 30 30 52 84 81 83 79 77 78 82 114 88 77 41 50 95 91 106 123 124 124 128 134 137 139 137 66 49 66 69 82 97 118 111 87 52 62 52 50 62 45 57 44 27 19 16 6 4 4 4 10 36 48 49 50 49 47 31 14 30 24 26 27 29 29 27 23 62 71 68 61 51 40 30 27 15 3 33 23 23 6 3 2 1 1 1 2 
40 40 40 41 42 42 41 39 35 32 29 23 18 13 10 22 27 19 17 34 39 25 29 29 27 25 22 20 17 17 20 47 96 82 46 54 44 38 31 49 64 92 107 80 117 64 27 27 25 24 23 24 23 22 21 21 19 14 11 36 35 16 16 16 13 1 1 1 1 1 2 18 33 47 40 34 40 38 60 51 49 49 51 51 49 94 198 194 175 182 179 161 140 60 79 86 82 49 42 73 31 48 53 50 97 68 67 61 55 51 54 69 57 57 45 51 106 88 112 155 149 145 150 146 142 128 111 61 44 64 47 41 44 57 61 48 49 61 47 49 58 41 57 41 25 20 21 13 7 4 2 10 38 38 38 38 40 45 34 20 31 24 22 20 19 17 20 22 48 54 56 61 64 59 42 29 24 5 35 23 19 5 3 3 1 1 3 4 
36 37 38 38 40 39 40 37 35 30 28 24 18 13 11 18 25 20 16 34 40 19 18 18 18 18 16 19 19 14 20 64 63 41 27 49 57 44 41 59 75 93 96 66 107 97 23 21 21 22 22 23 25 24 22 21 19 19 15 23 41 37 36 40 26 2 1 1 2 1 2 67 145 128 107 74 67 37 64 53 50 50 50 52 50 87 179 167 142 116 62 52 33 31 32 34 38 31 37 105 42 81 91 51 88 108 106 60 29 28 32 35 33 37 45 51 74 67 114 117 116 131 142 146 143 123 99 50 44 65 45 39 43 58 59 46 46 61 46 49 57 38 57 39 26 22 25 27 30 31 25 31 47 47 48 48 48 47 27 15 26 24 25 26 28 26 21 22 65 66 63 54 47 42 32 29 32 16 36 36 34 5 3 4 1 2 3 5 
36 37 37 34 35 36 35 34 31 28 26 24 17 12 11 15 22 18 15 31 40 20 19 18 18 16 16 16 20 15 23 53 31 20 24 44 66 59 48 52 67 89 91 45 78 63 22 21 23 24 25 25 28 29 29 32 35 40 49 56 59 64 67 58 39 4 1 1 2 1 2 87 158 150 143 94 91 38 85 131 105 54 57 76 92 101 105 93 84 74 39 45 33 34 35 35 35 31 36 106 46 91 99 53 78 115 111 57 24 24 27 27 23 25 41 54 60 63 78 75 76 90 104 125 119 118 118 67 47 65 42 38 43 58 57 45 46 61 44 50 55 38 57 37 27 24 54 80 66 62 37 58 54 47 45 45 45 47 44 34 40 37 33 25 21 16 15 23 48 50 52 56 57 57 30 19 28 12 35 28 24 10 10 8 3 3 4 5 
34 34 32 32 33 33 29 28 28 25 21 18 14 12 11 13 19 18 16 30 40 20 12 15 16 17 19 21 20 17 25 31 29 29 26 36 55 77 64 56 62 70 75 34 48 65 28 27 26 27 31 34 40 47 52 61 65 69 73 81 90 100 102 44 74 22 13 9 7 5 5 74 125 138 134 88 95 37 87 157 148 89 96 153 155 152 150 150 148 145 148 141 137 128 123 117 71 98 99 118 50 90 98 58 90 83 95 47 24 31 35 56 98 150 134 70 72 67 83 53 58 57 59 78 74 76 79 70 59 63 39 36 43 59 54 43 48 62 42 51 53 37 55 36 29 34 81 91 69 65 47 97 122 112 101 64 70 67 61 47 51 56 60 60 57 45 36 38 61 59 54 48 44 40 25 23 33 21 37 36 23 6 5 5 4 7 10 10 
31 32 31 30 31 28 20 16 23 21 21 20 16 12 12 13 17 17 16 29 46 25 8 10 16 20 23 23 29 36 22 30 30 21 20 35 45 61 85 79 65 84 77 21 35 58 40 39 45 54 64 70 73 79 85 98 111 112 122 130 134 141 85 70 33 31 26 27 28 28 26 26 29 51 68 44 36 34 74 134 130 71 98 126 130 137 137 143 145 144 150 150 145 143 129 94 107 180 189 189 65 127 150 56 145 64 68 79 102 158 163 199 209 211 157 131 105 71 88 38 51 54 55 51 57 58 57 58 63 60 36 35 42 59 53 42 48 61 40 51 51 37 54 34 39 51 78 74 33 43 43 63 70 58 56 72 105 123 140 141 131 102 78 66 57 49 48 49 51 51 52 52 52 48 24 20 32 19 33 28 18 11 10 7 4 3 5 3 
29 30 29 27 25 26 19 17 21 22 22 21 18 14 13 12 14 15 16 24 47 37 12 7 13 25 28 29 26 35 13 27 43 34 23 34 45 58 72 87 92 86 72 40 38 47 67 70 72 77 90 101 109 118 128 132 137 138 132 131 124 94 69 90 49 49 10 6 8 15 75 102 94 89 51 40 47 37 39 44 46 39 55 63 73 83 95 105 108 110 111 105 98 102 83 72 146 159 163 159 63 95 107 60 123 103 85 77 69 185 204 204 218 226 177 178 100 77 103 47 41 59 50 39 44 50 51 49 52 61 35 34 41 59 51 41 50 59 36 53 50 39 54 34 67 99 47 45 35 46 26 43 73 72 108 105 95 111 121 129 149 160 99 82 71 61 54 48 46 45 45 46 46 42 40 40 41 32 35 33 18 9 9 10 8 7 9 7 
31 31 27 23 20 20 21 22 23 19 22 21 17 13 13 12 14 12 17 24 46 41 17 9 12 24 28 28 27 41 15 16 46 49 34 34 51 65 83 93 111 110 89 73 65 47 67 102 113 118 125 131 132 133 144 144 106 77 59 45 37 14 15 14 20 32 16 21 25 75 130 136 133 134 54 33 114 47 77 121 107 77 92 79 65 51 44 44 45 45 43 47 46 45 37 40 58 72 90 88 55 90 78 57 65 61 73 89 73 189 211 221 232 210 183 177 118 107 127 100 17 24 20 20 21 19 20 21 27 53 33 34 42 59 48 40 50 57 35 52 45 40 53 33 39 50 41 40 52 53 27 40 57 102 234 119 42 33 44 60 72 80 81 78 68 60 54 47 46 44 43 42 40 39 40 42 39 36 31 29 29 28 26 22 19 14 12 6 
30 30 24 22 28 30 30 27 24 19 22 20 15 11 10 12 15 14 15 24 35 37 25 16 12 22 29 30 30 50 24 23 31 51 39 24 39 53 69 89 95 101 98 93 98 48 62 108 119 126 129 101 61 38 124 123 61 19 21 24 27 34 26 26 26 44 36 37 40 106 132 137 140 142 64 38 103 40 72 130 100 76 82 79 74 78 96 112 122 120 113 97 78 65 54 47 47 43 41 37 46 64 50 53 74 106 132 119 82 207 210 200 186 158 115 107 95 83 134 128 56 17 13 13 14 13 12 13 25 45 30 34 42 60 46 40 50 55 33 52 42 42 51 32 15 17 24 40 50 70 63 144 150 120 237 94 32 17 17 18 20 24 43 73 65 57 51 47 47 42 42 45 42 43 55 50 45 41 37 33 32 31 31 30 30 32 27 26 
30 30 25 26 33 35 34 32 24 21 24 23 19 14 13 12 15 14 11 14 23 25 23 14 8 17 29 35 37 56 46 52 55 61 43 30 26 35 45 62 88 105 107 138 142 79 52 89 77 42 22 13 12 57 111 112 110 21 16 14 17 27 25 33 28 45 41 42 44 97 130 140 145 150 73 38 89 48 66 113 111 110 117 128 136 137 144 156 155 146 133 114 99 102 129 153 173 166 148 130 82 80 59 44 44 42 49 56 60 85 106 116 115 102 102 91 67 48 94 156 140 81 25 13 12 12 10 13 27 40 27 34 42 60 43 40 50 51 33 51 39 43 47 36 47 46 18 14 38 103 75 171 192 117 215 71 26 17 17 17 18 19 41 66 61 54 50 48 48 49 49 47 43 44 59 48 47 44 41 38 34 33 34 34 24 27 25 30 
33 33 23 21 32 34 36 24 18 26 28 27 24 21 16 13 16 14 11 11 12 7 7 12 23 31 33 35 41 59 70 74 77 62 9 5 6 6 8 13 32 77 116 123 127 114 32 17 10 9 10 11 19 110 126 120 132 26 16 15 22 24 29 36 30 46 37 32 33 36 39 48 56 66 48 36 95 55 65 146 159 153 149 151 150 140 126 111 105 103 110 129 162 127 197 204 207 207 204 198 92 142 110 57 84 120 128 92 54 39 43 81 99 99 91 68 58 44 54 121 162 156 112 44 28 14 8 13 25 36 26 34 43 60 40 41 50 48 35 51 37 45 44 29 23 31 20 15 63 188 158 191 226 73 68 44 22 17 16 16 17 18 43 60 58 53 48 44 49 49 49 47 44 46 51 46 45 43 41 38 36 34 35 36 19 19 8 20 
36 32 22 20 18 33 38 23 20 31 29 26 25 18 13 13 15 14 12 14 13 17 33 44 55 59 63 65 64 65 69 75 83 39 5 3 5 2 6 8 11 13 53 102 103 104 32 9 8 8 9 10 61 132 130 115 101 35 16 15 25 29 29 37 32 43 35 38 37 79 86 83 72 65 48 39 43 45 46 64 80 90 107 121 122 112 105 121 155 178 192 195 174 105 200 208 210 214 220 216 92 102 69 53 148 174 159 130 98 46 41 85 97 90 71 65 50 48 50 71 130 152 155 127 124 120 120 102 96 86 48 46 49 60 39 42 51 46 37 50 35 45 40 25 9 14 12 25 77 213 174 127 133 53 41 33 19 16 16 16 17 18 43 55 53 51 47 43 45 48 48 46 43 45 59 38 40 41 39 38 36 35 37 34 19 22 19 20 
37 35 29 23 16 35 36 36 36 37 31 30 30 25 21 19 16 15 10 16 19 22 25 28 33 46 64 81 95 104 108 105 70 9 8 5 3 6 9 8 8 10 33 89 82 68 9 6 7 7 7 14 101 127 123 124 128 49 16 16 25 29 30 35 28 40 31 39 36 98 110 113 112 113 84 42 97 69 46 72 57 49 47 45 48 53 62 83 110 131 130 130 130 96 195 217 229 231 217 203 144 145 117 53 123 127 133 95 51 35 50 96 98 80 67 58 46 51 56 59 110 127 133 119 83 90 72 83 120 170 202 237 221 205 166 134 109 65 47 53 37 46 40 25 10 16 19 33 92 218 187 63 84 40 31 29 17 15 15 16 16 17 47 50 49 47 46 45 44 43 44 42 35 30 29 18 18 20 23 27 32 37 37 30 20 23 22 20 
40 38 38 37 40 43 40 39 33 34 36 35 33 31 29 23 19 23 10 14 19 22 26 26 27 29 32 36 48 64 79 85 29 8 7 5 9 11 10 9 8 9 41 94 80 30 6 5 5 5 11 32 94 111 123 129 135 65 17 17 25 31 31 32 26 42 36 41 39 107 119 123 125 127 101 41 99 72 53 89 87 82 70 46 42 42 77 76 58 54 51 53 58 60 87 118 134 141 165 177 158 121 80 55 130 139 92 49 39 36 60 96 81 70 71 49 43 45 51 62 91 119 116 109 75 84 104 51 36 39 40 49 74 109 142 167 199 227 231 205 159 126 87 46 49 82 74 32 82 217 108 41 41 35 36 29 16 16 14 16 16 16 50 47 46 43 36 37 41 41 40 34 27 33 32 24 22 20 18 17 20 33 36 27 20 23 23 18 
42 44 43 42 47 49 45 43 41 42 39 36 37 36 33 30 19 24 12 11 17 20 24 26 27 28 29 29 29 31 31 28 8 9 6 7 13 12 9 8 12 35 32 24 15 10 5 6 16 39 69 103 124 126 133 132 123 71 18 17 24 31 30 32 28 43 42 45 42 94 109 119 124 120 94 40 74 60 51 74 63 53 51 50 50 54 149 184 160 157 145 117 89 76 63 58 55 56 58 65 61 61 64 62 110 85 47 39 35 43 74 92 80 81 87 48 33 36 39 46 70 111 112 117 81 67 85 105 61 23 22 36 42 46 37 43 43 43 51 77 106 132 151 150 165 183 178 115 116 209 69 42 37 28 26 23 15 15 13 13 16 16 48 44 42 41 40 38 48 40 33 28 27 35 25 23 26 28 27 37 37 29 32 23 21 23 23 16 
44 44 45 45 49 52 50 47 43 46 35 41 42 40 36 33 20 22 15 9 16 19 23 38 56 43 33 33 29 29 29 18 9 9 5 5 12 11 9 35 64 24 9 16 20 26 38 45 52 61 93 105 114 121 122 117 112 76 19 18 24 32 30 32 30 48 49 50 47 97 113 100 93 89 70 43 53 43 48 56 51 53 53 53 52 58 161 221 201 177 161 156 163 152 138 119 88 70 71 74 62 54 49 51 52 46 40 37 39 48 86 101 90 94 105 66 37 36 38 40 43 85 104 120 90 70 65 81 107 63 24 35 42 47 32 44 49 37 46 50 46 41 42 48 56 67 79 94 103 121 112 96 79 61 44 28 17 15 16 15 14 19 42 44 56 35 20 19 23 29 41 31 28 33 22 22 30 41 23 26 29 28 29 20 22 24 24 14 
45 47 47 48 50 50 54 48 48 42 34 42 42 40 36 34 22 20 18 8 16 19 31 125 189 161 114 104 53 37 28 13 17 18 4 3 7 5 26 60 64 66 80 104 82 60 54 41 54 88 95 83 81 85 88 95 101 71 21 19 22 31 30 33 33 52 60 55 51 68 77 94 119 110 47 38 40 43 50 82 110 60 58 62 65 71 147 181 171 157 144 133 133 129 106 110 102 122 123 127 99 69 37 46 46 39 37 37 42 57 92 100 101 136 112 83 45 38 39 39 41 57 97 120 94 74 64 66 80 108 75 42 43 46 33 44 48 35 46 46 41 43 28 48 159 203 94 44 42 44 48 59 71 80 88 90 86 77 59 42 28 29 36 40 62 31 8 10 9 11 23 22 23 32 21 22 22 28 22 20 25 28 28 19 22 23 24 11 
46 49 52 53 52 54 57 58 55 56 51 40 41 40 39 34 24 18 19 9 15 25 108 211 232 226 171 183 141 116 65 38 113 131 49 5 4 4 14 26 33 47 61 73 56 41 79 95 102 105 103 103 107 117 119 122 118 93 25 19 21 30 31 33 32 56 70 70 81 113 124 123 118 90 43 36 53 66 51 117 177 75 73 92 123 143 147 154 143 133 106 95 99 116 123 139 97 125 125 72 30 25 44 45 40 37 35 33 30 55 104 104 94 122 100 88 56 41 38 39 39 48 89 115 100 76 66 63 68 82 106 94 79 69 52 51 51 39 46 37 39 46 25 50 150 213 108 32 31 27 26 30 32 36 39 44 52 67 83 98 128 132 100 69 55 30 17 11 11 12 21 24 28 29 19 19 21 21 20 19 26 27 26 19 23 24 22 8 
50 51 53 53 52 57 60 61 60 58 55 41 42 40 37 33 25 17 20 10 18 77 185 206 225 230 182 189 138 205 148 155 224 233 207 49 4 4 16 20 22 21 22 33 52 33 41 62 87 109 134 155 163 154 122 108 93 60 32 17 15 20 21 19 23 58 108 102 126 134 125 121 124 110 43 70 88 58 50 102 155 130 157 160 160 155 159 122 106 94 103 117 131 130 132 127 81 76 87 108 84 47 46 40 37 36 36 31 26 36 97 101 85 93 100 86 68 45 38 40 39 42 72 113 104 79 69 60 60 65 73 100 110 83 71 61 73 80 69 50 34 48 26 48 107 114 53 41 28 22 19 23 29 27 11 14 26 29 38 44 44 51 59 66 89 114 138 139 123 87 56 44 49 47 39 11 6 9 12 16 25 27 22 15 19 22 21 12 
53 54 55 54 52 56 60 63 61 58 56 42 42 41 37 33 26 17 18 15 27 159 193 174 219 213 203 192 149 203 195 225 234 205 244 186 24 6 18 21 22 26 25 29 44 14 33 28 32 41 74 112 142 109 75 30 52 53 28 50 47 50 60 71 64 62 83 81 93 113 123 126 120 92 36 84 97 59 47 104 152 132 141 161 153 120 91 92 103 118 125 136 140 106 65 26 19 27 30 39 53 46 41 36 36 35 37 33 26 30 85 97 79 97 107 84 79 48 40 39 39 40 55 107 111 83 72 65 59 62 64 73 97 107 76 57 56 61 75 88 89 78 46 51 102 93 44 33 27 20 23 23 30 26 11 10 23 28 55 65 65 65 56 45 41 42 45 61 99 146 193 214 203 175 150 106 58 21 14 13 14 16 13 6 6 8 17 16 
56 55 56 55 53 57 63 62 61 60 58 47 43 43 39 33 28 18 19 27 57 163 201 195 224 204 208 200 176 177 223 231 210 210 240 226 127 9 17 19 20 25 26 29 45 10 35 25 21 23 26 30 36 48 61 62 51 42 57 90 105 116 119 118 112 109 99 92 80 64 60 68 77 66 30 62 92 62 48 111 132 108 96 105 87 91 109 120 124 132 129 90 39 26 32 21 19 21 25 45 47 41 37 36 36 35 37 33 25 28 72 94 76 98 107 87 77 54 39 38 38 39 46 88 117 86 73 69 63 57 59 62 71 92 110 76 56 54 54 56 65 76 88 85 75 56 34 22 24 16 21 22 13 10 18 6 7 20 59 60 52 55 57 60 68 74 74 73 71 66 57 56 80 128 178 227 255 243 208 162 111 56 24 15 11 9 17 24 
58 60 60 60 58 56 60 60 61 62 62 56 47 46 44 42 39 37 42 62 123 152 162 188 192 188 188 176 195 198 226 220 234 232 247 213 228 70 18 16 17 22 25 26 40 10 36 31 19 17 13 11 13 34 34 35 40 52 80 107 129 134 132 128 127 134 128 128 133 128 110 84 60 47 38 51 101 78 46 98 105 84 85 94 107 122 137 133 105 63 38 18 22 22 35 19 22 34 47 47 43 38 34 35 35 37 37 32 23 27 67 93 77 90 97 90 74 58 39 37 38 39 42 71 123 101 85 73 67 62 58 59 61 68 91 111 86 54 52 52 52 55 58 66 83 96 86 72 50 27 19 21 10 7 10 11 5 38 64 62 69 64 67 61 56 54 58 68 71 73 81 80 75 64 54 51 67 110 156 199 238 255 227 176 122 67 37 26 
58 58 58 59 58 54 59 64 65 65 65 59 38 46 60 60 49 48 47 102 180 167 153 177 171 174 171 165 186 208 230 238 237 245 239 219 214 220 88 36 23 23 25 24 38 9 26 27 11 6 5 5 7 26 26 16 21 28 32 38 48 66 94 127 146 150 139 138 143 140 136 129 123 121 108 96 117 71 45 99 114 103 107 126 133 129 88 49 34 28 26 16 20 20 37 28 39 47 48 42 37 34 34 34 34 38 35 28 21 24 59 95 75 89 93 91 72 58 39 37 37 41 64 138 194 188 179 143 125 105 82 66 62 59 64 85 115 88 54 51 52 52 52 51 53 64 76 87 99 99 78 56 36 22 16 15 13 24 35 44 49 54 59 64 68 68 67 66 76 60 62 60 62 66 71 73 66 52 38 37 43 62 106 143 184 221 223 191 
56 56 56 58 58 58 61 63 58 53 52 53 51 37 32 43 52 55 80 118 180 180 154 176 169 165 164 182 178 204 211 234 215 248 218 245 245 255 239 197 151 91 72 57 80 55 70 53 25 25 11 6 7 25 30 16 14 15 15 18 21 28 35 40 52 78 108 136 148 151 151 143 145 146 150 159 159 154 139 128 125 128 126 147 78 48 34 35 27 21 19 16 30 34 45 40 48 49 43 39 35 33 33 33 37 37 32 25 21 23 52 95 74 89 95 74 62 51 39 38 45 94 177 231 236 229 226 183 204 191 165 139 128 102 81 71 81 107 91 56 50 51 51 51 50 50 52 56 65 85 118 139 138 111 94 76 51 38 31 26 25 26 28 36 45 51 56 61 63 61 69 64 60 59 54 51 39 42 36 27 28 26 24 28 32 36 51 79 
54 55 56 59 58 54 51 50 52 53 53 55 55 55 55 77 103 89 155 145 186 175 162 143 174 157 167 159 175 205 184 213 199 241 227 239 248 251 255 255 254 233 209 204 199 159 198 174 128 118 82 31 22 33 33 20 12 9 8 10 10 12 14 18 25 32 38 45 61 79 108 139 163 170 171 172 168 162 143 125 115 107 108 152 139 103 30 17 16 19 20 17 22 24 31 45 47 44 39 35 34 31 33 35 37 35 31 23 20 22 47 96 77 89 93 64 51 48 41 62 131 207 220 224 231 232 230 221 200 178 168 178 191 190 171 148 134 117 121 102 59 49 50 50 50 49 50 50 50 52 71 102 136 154 153 136 131 119 111 96 70 43 32 25 23 25 24 31 39 45 49 53 53 63 61 62 53 24 23 26 28 28 25 30 26 20 22 29 
56 59 55 49 49 52 53 51 52 52 54 56 58 67 109 164 163 172 201 144 165 159 196 127 158 153 159 163 161 185 195 199 187 222 240 232 246 236 245 255 255 255 243 255 253 206 197 214 157 149 126 165 103 110 80 28 7 4 4 6 4 6 8 11 12 13 22 21 31 36 41 49 66 95 126 140 112 97 88 91 95 101 108 124 128 168 151 112 71 38 20 13 17 32 45 47 46 40 38 34 30 30 33 37 36 33 29 22 20 21 42 92 77 84 77 59 52 62 96 174 225 232 208 208 226 233 239 228 211 211 196 181 166 168 167 163 188 195 188 173 110 61 48 49 49 50 49 49 50 49 50 60 74 116 143 141 144 143 147 149 127 102 112 101 93 74 49 34 26 23 23 24 30 35 39 43 36 20 20 24 26 25 25 28 25 19 16 21 
49 49 50 52 51 50 49 52 53 58 70 82 109 145 198 192 180 172 171 139 129 181 172 166 151 153 149 156 156 156 211 192 201 211 225 226 240 228 237 250 255 255 254 255 255 254 237 235 175 178 89 201 167 128 148 96 35 6 3 5 4 3 2 3 4 7 16 11 18 14 17 24 31 38 42 43 53 84 116 145 162 169 170 172 174 186 184 186 185 166 131 96 55 45 47 46 45 41 36 31 29 32 36 37 35 32 27 22 18 19 40 85 80 74 66 62 87 151 211 237 239 236 231 222 229 228 205 228 233 233 225 186 137 137 132 132 157 192 202 181 99 100 72 49 54 85 61 50 49 47 47 50 57 69 107 129 126 127 130 133 140 74 77 66 55 76 102 124 131 116 90 59 35 24 21 19 19 19 22 23 25 24 25 28 26 20 17 20 
48 52 51 52 51 45 44 51 86 110 108 134 171 197 211 192 189 176 151 135 107 169 150 166 184 181 156 152 158 146 180 181 218 208 204 212 245 229 235 240 245 254 255 255 254 255 254 255 234 244 146 182 142 131 144 87 120 31 4 5 4 3 2 3 1 3 12 8 14 13 11 11 11 13 19 30 41 43 47 58 81 113 143 170 186 187 187 187 183 180 179 147 60 46 45 44 39 34 30 27 30 34 38 36 33 30 24 21 19 18 37 81 81 76 81 130 193 232 244 246 242 239 240 233 233 226 204 231 235 242 232 196 166 142 130 132 178 175 164 150 72 77 93 77 112 172 90 84 63 61 54 49 51 54 67 106 132 123 120 128 137 78 55 59 49 36 36 36 46 68 108 154 197 195 160 114 70 37 26 22 22 23 25 33 43 18 14 18 
34 58 63 68 77 62 59 88 155 134 110 159 169 187 198 186 189 169 148 133 96 124 182 173 142 186 184 149 155 153 153 161 210 213 192 218 233 227 241 239 224 247 255 254 253 255 255 246 234 248 248 250 225 206 187 136 195 124 6 6 10 19 17 11 4 8 23 10 12 14 10 11 12 14 15 20 25 25 40 42 45 46 49 55 80 114 148 176 189 188 149 64 46 47 44 40 34 29 27 26 31 36 37 34 31 27 21 21 20 17 36 78 89 121 180 222 238 240 244 239 236 240 247 241 238 240 246 250 251 245 233 234 239 209 179 182 210 154 160 159 112 95 85 119 191 197 124 115 106 103 119 98 84 70 61 68 109 116 111 118 125 98 51 45 56 31 25 28 27 30 33 38 44 63 111 161 192 206 160 36 25 24 25 32 51 17 18 17 
21 72 85 78 76 98 125 179 176 167 193 186 177 211 184 183 229 193 197 200 142 122 184 196 133 178 189 162 150 150 158 158 175 179 196 211 223 210 230 237 247 243 236 251 251 255 255 251 246 246 253 254 254 239 233 217 214 186 40 39 58 66 72 70 59 84 125 106 80 53 50 50 50 51 48 46 51 53 57 56 57 61 61 59 60 58 58 62 104 109 64 45 46 44 41 34 30 28 26 28 34 36 35 33 30 24 21 21 20 18 40 100 152 206 232 238 241 236 231 231 240 242 242 230 240 249 255 255 254 247 251 254 255 254 242 229 161 151 186 188 188 171 139 180 197 200 183 151 136 117 138 147 169 158 141 109 67 88 103 122 114 119 51 45 55 46 31 34 32 28 24 26 30 34 32 32 32 39 56 27 20 21 25 28 48 22 15 15 
18 54 78 85 118 147 138 195 154 163 230 185 192 218 194 177 244 226 197 226 163 182 184 179 196 183 142 182 158 147 151 158 169 151 187 208 197 207 227 233 236 250 232 225 235 255 255 255 254 250 237 252 244 241 246 251 253 221 150 82 71 65 62 59 58 123 172 218 149 74 53 51 50 48 51 46 53 58 57 57 60 58 64 79 84 78 62 48 55 44 44 46 43 40 35 31 28 26 26 31 36 36 34 32 28 24 22 22 23 42 113 187 216 227 232 238 231 235 239 241 245 243 237 240 252 254 255 254 255 254 255 255 255 255 241 181 106 169 185 198 193 174 187 211 208 204 192 204 189 148 126 157 182 185 200 172 57 53 66 102 112 137 65 45 50 59 23 20 22 26 31 37 39 32 26 28 30 26 29 26 24 21 26 26 38 31 18 19 
20 29 86 135 134 150 123 181 163 164 194 189 175 172 175 163 197 227 217 232 157 168 170 136 202 161 142 175 190 154 130 146 168 161 167 188 186 220 220 211 219 244 249 230 234 235 255 252 255 249 239 247 250 254 255 254 255 236 243 190 129 123 93 57 62 169 191 196 115 85 70 65 65 62 61 59 117 131 69 65 74 77 77 72 59 50 51 63 48 43 45 43 39 36 31 28 27 25 28 35 37 35 31 29 26 23 24 35 80 154 216 231 236 233 232 226 227 238 237 239 242 246 250 253 255 254 254 247 255 255 253 250 254 238 189 128 134 170 189 189 177 191 223 222 223 219 209 229 213 165 141 158 178 187 205 149 47 44 48 61 86 141 141 80 61 73 47 35 31 23 19 18 20 25 27 33 33 26 30 21 20 22 30 22 28 45 18 21 
19 47 83 157 119 159 141 149 168 156 153 164 146 133 131 145 170 216 214 244 201 163 138 126 178 186 165 148 142 184 151 139 152 178 175 172 171 219 206 190 200 228 239 233 242 220 232 227 255 250 234 243 254 253 255 254 251 236 253 255 252 239 230 191 168 216 226 235 215 180 149 117 93 82 74 78 181 149 77 81 94 78 60 66 82 76 70 50 42 42 43 40 36 33 29 27 25 27 32 36 35 32 30 29 27 30 60 124 189 223 231 230 236 226 215 226 235 233 235 243 247 248 246 252 254 254 254 252 255 255 250 250 245 184 166 160 175 187 191 179 174 227 234 240 234 229 236 230 207 164 146 161 175 192 201 124 61 51 45 46 52 172 244 209 166 133 102 52 38 37 39 44 35 27 20 24 33 27 50 59 35 26 31 18 20 52 18 22 
27 107 96 128 124 167 147 130 144 144 137 129 117 109 119 149 160 183 205 205 222 212 184 143 139 168 187 101 122 190 194 149 136 177 192 179 164 176 214 190 203 208 202 219 234 240 219 222 250 253 249 249 242 249 251 246 232 232 255 255 255 255 255 255 253 250 250 250 254 248 250 245 226 196 150 114 209 124 77 76 89 70 86 102 108 83 54 41 41 41 38 37 34 30 27 25 24 29 34 35 32 31 31 33 52 102 172 211 220 223 225 222 225 227 229 231 229 236 240 244 248 249 250 253 253 255 255 255 255 255 255 245 189 150 133 171 189 201 192 172 210 241 248 254 247 245 243 218 187 150 154 174 158 200 193 171 156 128 96 68 58 182 222 211 209 208 210 184 133 90 61 39 31 33 38 47 30 26 28 30 27 25 29 16 17 36 23 24 
72 83 129 125 140 131 150 129 117 133 120 106 106 113 112 131 147 173 171 175 189 198 185 159 114 130 176 154 165 139 158 180 144 161 175 198 176 173 190 193 217 221 176 212 233 220 225 240 245 238 254 254 251 247 252 253 236 247 255 255 255 255 255 255 255 255 255 255 255 255 254 255 255 255 250 234 225 205 169 91 112 94 103 111 102 55 41 40 42 41 38 35 32 29 25 24 27 32 35 33 32 33 48 94 158 204 229 230 228 228 211 207 225 244 241 229 232 237 241 243 252 253 251 254 255 255 255 255 255 255 242 186 143 88 55 78 110 136 156 200 245 253 254 255 248 243 226 190 178 160 175 188 175 215 185 202 208 201 179 136 109 147 153 154 177 205 218 232 215 192 191 148 116 77 49 39 29 32 27 22 19 27 26 13 14 40 35 29 
105 65 118 144 140 118 122 146 121 136 105 92 110 114 151 145 150 156 171 206 197 201 230 178 133 119 131 166 183 99 104 173 184 152 154 196 199 200 171 184 217 199 195 211 212 204 211 242 225 238 223 253 250 246 252 253 255 255 255 255 255 255 255 255 255 255 255 255 255 255 255 255 255 255 255 255 253 252 211 167 175 102 96 89 60 41 41 40 40 39 37 33 29 25 24 25 30 34 34 34 44 78 136 191 222 228 235 235 237 222 205 214 238 246 227 227 232 238 248 243 253 249 254 255 255 255 255 255 255 238 178 143 93 39 36 36 40 60 163 233 255 255 255 255 242 212 180 186 183 178 199 213 223 193 189 197 216 203 177 147 146 202 195 188 189 199 214 220 210 185 204 192 231 212 174 147 111 78 32 21 20 30 19 15 16 27 31 24 
129 106 100 130 134 127 124 147 122 113 111 106 144 133 144 152 159 172 195 245 233 207 236 222 229 203 119 124 190 155 150 144 168 186 163 163 179 198 188 181 201 204 201 221 209 220 227 233 211 238 233 245 226 251 255 247 252 254 255 255 255 255 255 255 255 255 255 255 255 255 255 255 255 255 255 250 251 255 252 246 228 149 103 60 41 40 40 39 37 37 35 30 25 24 23 27 31 33 34 58 120 172 204 217 226 231 232 235 229 218 223 228 238 243 228 235 238 246 248 241 250 254 255 255 255 255 255 255 235 179 142 94 67 51 49 42 45 132 229 253 255 255 255 248 227 180 183 198 194 190 214 223 210 177 196 199 210 196 165 141 190 251 249 233 218 234 230 227 207 182 201 219 249 240 223 222 218 202 71 21 22 31 15 14 14 18 22 24 
125 133 116 129 111 137 126 130 134 120 150 141 160 176 165 198 221 235 229 247 254 244 232 213 229 254 199 133 149 182 181 137 112 174 177 157 146 184 205 208 204 207 216 223 227 246 248 199 179 213 233 226 246 252 253 251 248 254 255 255 255 255 255 255 255 255 255 255 254 255 254 255 255 255 255 254 244 252 252 255 254 222 76 41 41 40 40 39 37 35 31 26 24 23 26 30 35 55 90 140 191 211 221 227 227 232 229 225 224 224 229 231 236 241 238 242 247 249 247 251 254 255 255 254 255 255 255 234 175 144 85 59 85 60 59 60 123 228 254 255 255 255 248 233 193 189 203 199 205 193 218 226 197 205 207 217 207 194 152 135 226 250 253 243 188 227 234 238 219 203 227 240 241 225 212 200 195 221 97 21 24 31 15 16 28 23 22 26 
109 112 130 134 122 132 131 116 137 127 144 171 202 208 225 233 236 255 239 244 253 255 255 247 230 241 253 215 132 108 170 154 102 154 154 175 175 166 189 198 194 195 217 219 221 237 238 219 174 208 230 227 246 243 248 254 254 253 250 255 255 255 255 255 255 255 255 255 255 255 254 255 255 255 255 255 255 255 248 252 255 251 116 44 40 40 39 38 37 32 27 25 23 24 30 49 92 144 179 192 205 216 225 230 231 230 224 222 218 221 224 226 231 233 230 243 252 254 254 255 255 255 255 255 255 254 227 171 139 93 42 66 87 65 64 118 228 253 255 255 255 251 234 211 181 198 201 202 204 205 221 225 172 223 221 237 218 195 158 171 246 253 250 241 195 221 226 240 225 203 232 249 233 227 199 173 143 163 89 24 26 27 17 29 101 92 69 48 
121 115 118 117 128 121 131 117 129 168 169 199 198 189 221 224 212 255 239 247 245 254 255 253 243 242 239 255 201 104 141 183 158 163 133 140 181 179 163 193 180 181 196 215 219 213 210 229 240 243 235 210 206 232 244 230 240 252 231 249 253 248 246 254 255 255 255 255 255 255 255 255 255 255 255 255 255 250 255 247 246 255 229 93 40 40 38 35 33 29 26 23 23 36 76 132 177 199 211 213 220 228 233 232 228 228 233 215 212 222 221 223 227 231 236 250 255 255 255 255 255 255 255 255 255 230 166 139 81 41 44 76 79 68 108 219 254 255 255 255 252 237 227 189 194 197 195 202 203 214 226 203 109 124 159 192 206 184 173 208 252 253 253 244 228 240 217 234 218 203 235 246 238 231 199 167 128 136 103 67 48 30 21 42 145 168 157 131 
105 112 113 106 117 108 107 129 163 191 184 196 172 180 207 208 229 253 219 235 255 254 253 248 252 252 242 250 252 157 151 143 159 178 146 144 146 177 169 197 199 180 183 199 213 211 214 207 244 243 227 196 180 207 239 203 215 248 241 237 254 253 242 250 255 255 255 255 255 254 255 255 255 255 255 249 255 250 254 249 233 247 252 169 43 39 35 32 31 27 25 25 50 102 155 194 204 208 216 222 223 236 240 239 240 242 227 203 209 224 239 241 239 247 253 253 255 255 255 255 255 255 255 252 228 169 135 77 33 33 54 75 70 97 207 253 255 255 255 253 244 233 208 190 201 188 199 196 198 214 221 152 42 34 51 75 105 115 139 223 241 242 248 235 223 240 213 231 218 211 241 249 238 238 209 188 178 161 148 164 130 90 57 54 137 176 171 165 
102 116 101 107 98 112 129 165 192 182 165 195 155 176 187 191 201 243 244 236 250 246 255 251 252 252 224 242 252 243 183 130 128 177 190 179 141 146 167 185 201 190 168 177 183 206 228 218 233 213 231 224 227 227 249 202 210 249 247 207 234 250 254 254 255 255 255 255 255 255 255 255 255 255 255 255 243 255 255 246 239 249 251 227 67 41 39 34 30 28 45 81 130 176 193 200 209 219 218 220 221 238 240 238 243 241 223 214 217 232 247 254 255 255 255 255 255 255 255 255 255 255 253 215 168 138 75 29 30 38 61 69 86 187 253 255 255 255 255 250 245 223 193 195 198 190 205 188 199 213 192 92 32 31 30 30 32 42 122 237 244 243 247 226 215 230 208 232 215 210 244 254 244 249 218 212 209 202 180 196 168 136 96 63 117 169 167 160 
93 107 91 98 118 132 173 174 180 176 152 177 149 166 135 188 136 195 219 243 254 236 254 255 254 255 222 200 240 255 236 162 161 154 171 190 175 139 173 163 175 198 192 192 184 174 213 231 214 212 205 252 254 255 245 232 227 249 242 236 235 254 255 255 255 255 255 255 255 255 255 255 255 255 255 254 241 255 255 253 236 252 254 253 178 117 114 100 93 84 127 169 190 204 212 211 214 222 227 226 227 234 236 232 232 231 232 232 234 241 250 254 255 255 255 255 255 255 255 255 255 250 212 162 136 78 31 26 32 48 71 83 169 247 255 255 255 255 254 245 235 210 192 200 197 199 201 198 209 203 148 59 40 44 37 29 28 54 178 246 251 249 247 226 221 233 214 232 210 212 242 253 245 252 231 220 218 229 190 201 181 147 91 63 95 168 158 146 
87 85 109 124 148 165 179 164 189 178 172 140 133 180 140 221 174 153 230 236 254 251 254 255 255 251 253 241 202 237 255 217 187 143 129 162 198 170 183 142 156 161 209 222 204 178 183 203 219 222 209 243 242 234 250 243 239 253 254 254 251 255 255 255 255 255 255 255 255 255 255 255 255 255 255 246 229 255 249 254 217 253 244 246 234 234 216 192 191 180 192 204 211 220 228 227 227 229 235 235 230 227 225 224 229 232 235 237 243 254 254 255 255 255 255 255 255 255 255 255 248 200 159 141 79 36 29 31 41 67 82 155 224 254 255 255 255 255 253 241 219 201 201 200 201 211 198 204 204 172 106 51 43 52 57 33 30 63 207 243 245 242 243 220 223 233 216 226 209 220 243 253 239 248 232 220 226 227 178 176 148 120 81 67 83 171 168 156 
96 108 133 143 126 173 170 159 208 181 202 162 152 208 175 229 217 173 238 236 253 241 252 255 255 254 251 254 182 195 243 254 231 208 142 132 160 168 197 159 142 156 180 178 223 208 210 186 211 231 231 237 211 222 253 255 246 254 254 255 252 255 255 255 255 254 255 255 255 252 254 255 255 254 255 249 238 250 245 250 209 246 243 241 215 226 207 203 201 203 209 210 218 221 230 235 234 239 250 243 230 223 220 221 232 236 244 249 247 255 255 255 255 255 255 255 255 255 255 249 198 152 139 89 48 40 36 34 75 79 142 210 225 255 255 255 254 253 248 227 207 199 205 201 205 206 201 204 201 138 95 76 57 44 51 38 37 88 226 241 237 239 236 218 228 224 218 223 209 223 237 255 248 247 228 226 249 244 192 143 116 104 87 75 77 171 184 174 
128 107 127 109 112 153 173 168 193 189 227 196 194 231 194 207 231 170 214 173 227 251 244 255 255 255 255 239 238 158 228 255 235 241 194 149 154 141 188 212 196 175 180 165 197 211 238 218 204 223 240 237 238 228 254 248 241 248 244 255 238 246 255 255 255 249 254 255 255 247 254 255 254 255 255 255 255 231 246 255 223 229 218 217 218 220 216 216 222 227 227 223 226 221 225 234 244 252 254 237 227 225 226 229 244 248 253 254 246 255 255 255 255 255 255 255 255 255 248 200 152 139 94 60 51 41 32 38 86 133 226 204 247 255 255 255 253 248 232 211 192 203 200 199 206 201 202 203 180 103 50 60 81 79 58 43 37 149 235 241 240 236 227 212 230 216 217 216 208 222 228 254 248 249 239 233 253 254 234 200 182 167 128 93 75 161 189 179 
128 88 115 67 126 159 163 184 177 186 238 204 220 250 230 222 253 204 201 187 168 234 254 255 255 255 250 248 250 204 218 253 227 247 225 173 188 206 207 201 208 213 206 197 172 210 226 207 215 228 236 242 253 254 248 235 211 244 240 252 228 234 255 255 255 254 254 242 253 255 255 255 242 250 252 255 252 246 246 246 208 220 214 199 204 225 236 234 234 239 235 237 241 239 236 245 253 254 242 230 228 226 236 247 254 255 255 255 255 255 255 255 255 255 255 255 255 243 190 152 140 101 71 61 49 32 29 41 117 221 244 230 254 255 255 252 249 234 212 194 194 192 195 198 199 200 193 172 152 64 39 37 42 57 71 58 55 215 246 250 250 236 217 213 234 208 217 204 208 215 222 251 236 247 248 240 254 254 248 227 222 199 147 110 75 141 190 190 
117 83 105 52 128 168 153 198 166 182 236 204 232 255 227 220 217 209 216 218 175 205 254 242 230 254 253 255 255 243 217 227 249 226 238 179 206 244 177 180 185 212 228 211 188 204 203 202 152 220 231 231 248 254 234 237 225 230 221 240 248 244 246 253 255 255 255 244 254 255 255 250 233 241 251 255 253 255 230 211 204 209 201 201 204 214 228 235 235 241 242 249 253 253 253 251 247 243 234 228 230 241 253 255 255 255 255 255 255 255 255 255 255 255 255 255 236 185 149 136 105 80 71 56 31 24 31 84 196 250 250 253 254 252 245 234 236 213 192 189 195 184 197 196 194 195 185 149 116 42 39 38 37 39 41 42 93 248 250 252 248 237 208 221 231 209 217 196 201 211 219 243 238 252 249 239 255 255 242 149 149 161 137 113 72 126 184 181 
141 108 117 76 127 179 151 193 157 183 220 198 223 255 246 216 204 181 188 228 142 183 246 228 206 242 255 255 255 234 214 200 249 228 227 224 250 251 193 203 218 219 224 220 216 231 199 181 162 205 208 201 242 241 222 242 251 247 211 218 246 254 252 232 249 247 255 255 255 254 255 237 249 253 255 255 254 248 217 200 208 204 203 211 216 207 212 221 226 240 244 253 250 252 249 234 238 240 241 234 243 255 255 255 255 255 255 255 255 255 255 255 255 255 254 231 174 147 133 106 88 80 65 33 21 24 71 184 237 248 255 255 253 238 232 222 214 199 189 201 186 195 199 190 195 194 175 141 69 40 36 35 34 35 38 39 134 252 252 249 238 234 211 214 218 211 205 192 191 193 207 238 240 241 248 238 255 255 237 74 44 59 67 73 57 99 162 159 
141 100 118 116 149 179 165 182 134 166 209 183 187 239 235 228 226 205 188 243 165 156 220 212 219 236 255 255 255 251 242 225 255 248 237 183 253 253 250 247 252 241 241 226 218 234 209 172 198 225 197 191 222 248 246 246 247 253 234 217 237 251 255 230 249 243 254 255 251 227 251 219 251 241 249 244 238 213 202 201 207 205 196 204 212 204 210 216 219 232 235 231 217 233 238 234 241 241 245 250 255 255 255 255 255 255 255 255 255 255 255 255 254 242 221 172 144 131 104 92 89 74 35 17 22 61 182 241 248 245 250 252 229 217 223 210 192 187 201 185 179 195 191 194 200 198 154 115 41 39 38 36 35 36 38 45 180 231 248 241 226 223 206 210 207 207 197 191 179 184 211 241 244 244 251 239 254 254 227 73 26 24 24 26 40 73 159 171 
137 92 105 149 164 193 178 182 163 162 211 200 176 243 222 205 251 222 201 244 244 211 200 195 203 204 247 248 252 254 254 249 255 254 235 224 254 253 255 255 255 252 233 235 217 233 202 212 226 225 216 163 214 218 222 235 235 226 249 245 238 230 233 244 251 253 244 254 251 229 222 218 225 208 216 213 208 188 186 186 195 196 181 167 168 191 204 213 225 230 223 203 194 227 235 244 243 247 253 255 255 255 255 255 255 255 255 255 255 255 253 254 243 196 162 145 128 101 91 91 78 38 16 15 41 162 238 236 245 239 226 235 217 216 213 195 188 188 197 169 172 179 195 202 211 185 145 70 37 38 38 36 37 39 42 79 210 214 233 235 220 216 204 221 206 207 193 196 184 196 215 237 246 251 249 235 252 254 237 79 23 22 23 18 31 60 152 171 
66 64 97 167 167 190 179 182 146 168 198 198 205 248 228 205 249 229 199 224 254 240 234 246 217 172 236 217 224 233 253 255 255 255 254 254 255 255 254 254 255 230 143 237 240 217 234 219 239 221 223 200 225 207 198 223 247 238 249 252 248 218 215 232 233 222 212 218 240 245 205 218 213 213 192 190 183 183 169 161 162 165 149 125 131 191 205 216 225 222 212 205 212 231 235 245 250 255 255 255 255 255 255 255 255 255 255 255 255 254 246 242 202 158 143 122 99 92 92 81 41 16 13 25 103 225 235 224 236 239 220 225 234 225 200 193 187 202 176 173 165 169 200 212 211 168 115 46 38 38 39 41 46 50 53 149 235 226 228 222 217 206 207 229 205 205 195 203 194 212 222 224 232 241 241 233 239 234 218 69 21 23 27 22 30 53 142 167 
11 34 110 173 182 175 173 184 110 163 184 161 184 238 219 217 240 235 206 206 252 239 237 254 244 172 236 199 191 219 225 237 255 252 255 253 253 254 253 248 255 238 187 226 240 226 224 220 215 223 208 226 240 214 210 203 215 251 242 219 239 225 228 221 221 208 183 204 203 237 228 204 200 205 187 174 154 160 145 132 122 128 127 131 153 199 212 221 213 213 214 219 225 231 240 252 255 255 255 255 255 255 255 255 255 255 255 255 254 254 241 202 158 143 123 96 91 91 82 42 17 13 22 81 172 227 229 232 234 238 230 224 235 218 193 184 192 189 184 182 169 175 197 217 199 148 73 48 44 44 43 50 62 62 71 211 238 235 226 220 226 209 209 214 202 206 197 197 192 216 227 203 217 226 228 222 222 219 202 70 30 29 32 36 36 50 124 170 
8 77 154 160 183 141 178 191 124 165 184 190 151 218 206 216 229 244 222 218 253 251 226 244 237 218 242 218 203 210 229 195 228 222 243 217 213 229 254 240 244 253 243 254 247 223 239 233 190 204 211 195 210 222 225 194 205 203 216 219 216 225 220 224 213 199 198 200 180 207 207 193 183 179 165 145 122 118 108 107 104 114 124 147 169 182 193 203 204 211 218 222 232 243 253 255 255 255 255 255 255 255 255 255 255 255 255 255 248 235 197 156 144 120 97 89 91 82 42 17 13 20 79 152 197 225 232 239 231 231 231 223 224 210 192 184 201 184 195 187 186 186 205 228 176 118 53 52 50 48 41 38 43 47 100 235 231 236 235 234 227 216 215 207 208 202 197 189 190 205 221 195 210 207 220 206 216 231 204 72 31 28 32 49 55 48 109 179 
21 118 168 152 178 114 170 192 193 214 214 213 174 208 203 215 217 246 213 201 245 253 237 226 251 228 224 230 211 227 245 201 179 180 243 215 199 212 253 242 227 238 244 249 248 221 227 227 191 173 210 182 203 190 218 216 217 189 211 206 239 210 201 197 196 184 194 186 172 194 191 187 156 135 129 114 95 85 89 90 104 111 117 133 158 161 166 192 205 213 221 224 246 254 254 255 255 255 255 255 255 255 255 255 255 255 255 254 224 184 152 141 120 97 91 90 83 44 17 13 19 87 168 191 212 238 243 233 222 227 228 221 212 198 197 209 195 189 189 186 190 185 222 224 157 78 50 55 46 44 41 37 37 41 166 240 237 241 239 229 214 210 229 210 216 195 196 187 194 198 210 201 210 207 216 202 217 223 196 71 29 33 34 45 42 46 96 189 
64 146 162 146 152 104 158 170 183 219 218 179 164 190 195 215 202 231 203 176 213 213 217 215 254 250 219 241 210 224 244 223 195 193 239 226 202 202 236 216 216 226 253 222 238 248 244 221 213 117 178 186 195 206 202 150 199 211 222 180 223 189 215 201 173 162 174 181 170 175 171 171 154 132 121 106 87 83 98 85 96 92 96 103 130 144 165 192 211 215 222 231 249 255 255 255 255 255 255 255 255 255 255 255 255 255 255 231 182 154 138 118 99 92 91 83 44 18 13 18 86 199 230 224 235 231 231 223 220 221 221 215 193 186 200 208 190 187 183 183 170 206 229 180 124 61 50 57 44 45 41 40 41 62 224 245 238 234 228 219 194 204 231 210 213 191 193 197 193 187 199 201 209 213 216 202 220 221 205 84 32 34 37 40 36 43 81 189 
111 164 133 156 135 83 147 151 134 156 178 121 133 161 134 165 196 217 198 167 195 192 181 180 238 235 237 225 242 227 230 241 220 202 214 209 204 191 215 191 196 209 240 223 230 254 235 226 238 130 160 171 167 207 210 114 164 151 201 197 210 197 178 196 161 155 165 178 175 157 141 130 151 149 124 110 98 109 107 99 109 90 95 108 140 159 178 195 211 215 227 240 251 255 255 255 255 255 255 255 255 255 255 255 255 254 230 178 155 141 115 100 97 91 84 44 17 13 15 67 189 239 242 234 234 217 220 224 216 214 215 198 180 185 190 188 186 183 181 164 164 234 194 145 78 54 53 50 41 43 42 43 51 125 245 245 239 236 227 220 193 203 221 210 200 194 194 200 187 190 199 200 203 215 225 204 224 225 219 113 41 29 39 37 36 42 65 175 
146 171 121 170 147 111 155 149 110 141 192 108 98 151 127 118 144 199 219 183 193 189 186 174 218 198 193 195 249 239 233 236 247 224 205 208 200 186 189 160 190 200 212 211 219 227 195 201 220 162 182 156 163 174 171 154 161 148 139 167 185 193 147 170 156 163 162 166 180 160 148 137 151 135 113 120 125 129 113 119 145 137 144 156 175 184 184 199 208 224 242 250 253 255 255 252 253 255 255 255 255 255 255 255 249 222 175 153 144 116 101 98 93 82 44 18 13 15 54 150 216 220 223 232 214 217 222 219 208 208 201 194 193 201 183 180 179 173 166 144 177 232 160 121 62 53 47 49 42 41 48 57 68 186 250 238 237 236 231 209 198 211 210 205 192 191 190 187 180 193 202 199 205 210 219 205 222 221 222 105 23 30 37 35 38 41 56 156 
176 162 129 183 155 121 174 161 122 151 215 164 129 154 146 112 120 162 171 199 215 196 179 168 213 197 187 159 217 203 218 222 240 242 230 224 202 155 165 161 149 165 196 191 192 192 184 197 161 179 197 153 188 169 135 112 147 183 126 128 151 171 163 169 172 175 168 162 182 179 181 175 148 128 107 133 155 149 139 142 168 180 186 190 189 196 194 211 221 240 249 254 254 255 244 196 229 255 254 255 255 255 254 247 210 176 157 140 113 101 98 95 80 43 17 13 15 59 145 196 224 211 221 228 211 220 215 209 203 190 192 199 207 209 187 164 154 147 147 142 173 190 141 108 79 54 41 44 45 50 55 54 78 226 240 232 226 228 221 191 192 221 202 198 189 186 187 176 188 195 201 204 214 204 219 205 223 217 217 107 23 38 38 38 40 39 51 144 
174 145 128 188 143 114 171 150 160 151 202 176 164 168 200 122 102 148 110 129 182 184 191 176 213 170 157 139 196 160 171 180 214 207 227 233 228 198 203 218 188 188 217 210 218 188 196 203 146 170 175 196 222 173 165 70 120 150 154 148 161 174 174 173 175 178 179 174 178 187 180 166 117 116 124 156 176 175 176 174 182 192 198 199 203 210 215 232 236 247 249 252 254 255 235 167 221 255 254 255 255 254 240 209 176 163 144 112 99 100 94 80 42 17 13 14 50 167 210 219 240 221 227 219 220 217 204 201 190 181 193 193 200 182 165 140 115 104 127 138 151 142 107 78 90 74 55 49 44 37 35 36 123 230 227 228 217 215 208 182 192 215 203 192 187 183 193 177 195 202 204 211 203 194 218 216 234 220 219 119 44 42 39 41 40 38 49 133 
158 122 133 189 129 126 156 142 158 148 180 157 145 133 215 169 140 154 91 71 123 124 141 156 221 184 170 143 195 142 152 156 207 191 200 214 239 233 215 224 240 171 192 204 220 179 208 222 191 209 151 201 241 176 146 125 122 117 160 168 172 180 176 168 167 168 174 174 177 177 162 148 119 140 165 186 191 185 182 182 192 200 200 203 215 226 236 244 247 249 245 251 250 252 246 225 242 254 255 255 254 237 205 181 171 142 111 99 101 97 80 41 18 14 14 37 136 230 222 222 212 193 219 212 213 204 197 189 183 190 190 181 179 152 132 111 95 84 97 110 123 120 67 61 64 67 78 75 60 28 27 33 182 222 224 218 215 210 200 185 199 214 203 193 188 193 207 188 203 205 208 216 208 201 218 227 248 229 217 115 31 44 41 39 40 32 48 119 
159 113 138 181 127 140 143 158 132 121 165 156 173 123 193 182 144 159 157 82 78 115 105 116 175 186 208 210 241 171 179 171 220 198 194 200 232 207 204 215 253 156 142 166 195 133 187 180 189 234 153 212 230 180 127 145 139 145 160 166 158 163 158 161 164 165 172 173 174 176 172 166 159 177 181 190 192 182 174 179 198 202 195 208 227 239 245 248 247 250 250 250 249 251 253 253 251 254 254 253 237 205 190 184 154 106 99 99 98 80 41 19 13 15 47 128 207 239 209 158 145 149 208 218 209 199 188 180 195 196 183 182 176 133 105 91 95 89 82 78 92 87 52 52 52 54 65 103 102 43 24 64 211 217 224 215 218 212 199 197 218 215 197 195 191 205 210 194 211 206 223 223 219 220 234 230 252 238 224 119 36 49 42 40 27 23 46 104 
178 128 151 183 160 152 157 194 137 146 139 165 177 135 173 206 164 105 180 144 106 142 102 113 144 152 162 174 237 223 223 230 241 201 203 209 214 154 184 247 241 192 171 161 211 147 186 175 141 205 158 205 187 166 140 129 136 155 156 160 153 152 144 161 172 176 180 180 179 184 188 182 163 159 141 168 170 161 166 169 188 191 193 216 236 245 247 249 249 251 249 252 253 253 254 255 249 250 245 228 204 190 193 187 163 121 109 102 79 40 20 15 15 43 149 228 239 237 164 96 95 147 211 220 213 197 179 193 211 204 186 183 166 118 88 85 92 90 79 67 87 55 49 51 51 52 55 67 97 71 26 116 209 215 214 209 210 208 199 204 223 203 193 199 197 212 202 196 209 208 231 225 229 233 242 233 253 245 235 127 39 47 41 42 22 20 44 89 
167 124 154 158 177 135 162 184 169 168 168 198 177 175 168 216 187 114 173 126 118 141 133 135 137 147 136 144 196 171 200 213 251 221 217 219 226 158 173 231 220 218 203 198 236 192 204 208 140 168 159 171 162 141 145 138 138 152 160 164 164 164 167 180 183 185 187 196 193 190 186 170 147 134 118 143 143 131 149 154 167 178 198 226 237 243 249 251 253 244 243 255 255 254 255 254 247 242 221 197 186 189 186 196 198 179 172 136 63 25 18 19 44 149 238 255 246 222 143 111 111 181 197 216 208 193 186 211 220 207 193 176 149 119 90 85 87 81 72 65 72 42 44 45 45 46 48 49 58 63 44 174 212 214 200 209 209 204 205 206 210 201 196 202 205 212 199 204 213 206 228 226 232 241 244 237 253 248 243 134 40 44 46 33 16 17 43 81 
148 135 132 137 173 110 140 131 163 116 158 161 182 182 182 207 206 158 176 157 108 101 112 105 120 165 148 145 186 164 176 157 232 207 196 234 250 198 177 203 165 179 190 192 193 191 213 205 146 158 158 163 151 146 159 158 154 157 167 173 179 181 190 201 198 194 196 207 202 190 176 160 148 126 125 133 132 121 134 157 162 179 208 231 237 241 244 252 251 247 252 253 252 254 254 252 241 215 192 187 190 180 181 190 197 217 226 193 136 86 43 47 149 240 255 255 246 218 183 169 164 205 185 208 204 188 203 218 219 200 193 168 140 133 114 101 108 98 91 76 44 38 41 42 42 43 43 43 43 41 100 209 219 216 204 217 213 202 208 204 205 207 199 201 210 214 208 208 217 203 225 224 231 246 246 237 252 243 243 133 39 41 43 26 13 13 41 74 
121 160 106 130 126 144 115 117 148 107 130 113 157 151 173 160 203 194 177 213 161 127 130 98 72 132 158 153 185 183 184 177 226 192 177 227 238 172 150 190 134 132 185 159 126 163 171 155 167 167 172 166 157 154 164 173 172 175 177 180 190 195 203 213 209 210 204 199 188 173 161 159 140 120 119 127 132 124 143 173 181 195 219 231 236 244 241 243 250 255 254 250 250 252 249 241 214 187 183 186 189 183 181 180 195 208 208 214 207 165 116 150 234 254 254 251 252 238 225 207 217 207 197 207 198 190 219 214 202 187 180 162 146 155 145 141 149 135 114 64 35 38 40 40 40 40 39 38 37 38 161 208 222 221 220 217 212 206 200 218 208 212 205 204 211 213 218 215 216 202 225 230 231 241 242 234 247 243 240 139 34 33 35 18 9 11 39 70 
132 152 141 144 117 170 129 144 127 159 141 123 131 170 152 145 178 202 157 177 196 165 159 162 121 91 135 129 166 211 191 170 225 180 180 237 205 193 173 211 157 157 188 162 146 172 166 163 179 181 182 184 167 166 173 183 181 186 196 192 195 199 203 219 213 215 203 192 159 143 141 149 128 116 115 123 130 129 167 191 208 214 218 226 236 242 241 249 254 255 253 254 247 248 235 213 190 184 188 186 188 185 188 195 199 187 182 189 186 174 193 237 247 254 251 252 255 252 239 229 225 206 206 203 190 203 223 200 184 176 171 161 159 185 178 186 187 154 97 33 30 35 38 38 39 39 37 34 32 62 201 217 217 218 223 217 212 214 200 223 204 213 206 207 217 219 216 215 213 205 222 234 234 239 238 229 243 243 248 130 27 31 24 15 6 9 39 64 
120 123 169 151 134 146 161 162 137 149 170 163 153 175 173 179 161 202 201 135 191 159 129 187 149 107 118 128 122 167 179 192 186 210 195 235 197 175 186 211 175 172 175 174 183 187 186 191 194 189 184 187 188 187 190 194 197 195 212 208 198 204 211 222 214 207 196 186 144 121 129 138 128 117 118 121 134 151 182 211 225 225 224 223 228 232 249 255 255 255 255 254 246 228 202 195 191 195 191 185 183 192 201 200 190 182 179 167 153 192 232 251 250 250 252 254 253 247 239 230 216 209 198 193 196 216 212 187 182 176 167 169 185 205 211 211 193 137 51 12 18 25 30 33 35 36 32 30 29 123 220 224 216 217 220 218 210 220 210 227 206 208 209 209 219 217 213 213 216 208 217 230 233 239 233 230 246 250 249 120 31 35 19 9 5 8 37 59 
110 97 129 151 118 103 124 152 101 110 140 152 133 141 186 183 182 204 220 208 158 196 120 139 150 86 79 115 111 111 166 198 149 145 217 225 175 151 164 176 153 158 164 182 190 196 208 211 209 196 194 198 202 203 212 214 216 203 207 211 210 215 225 223 216 200 190 174 145 119 123 128 124 116 122 132 151 179 201 222 224 230 237 227 224 238 253 255 255 255 255 248 222 198 182 195 190 194 188 180 190 200 201 190 185 181 170 149 179 233 250 251 254 252 251 238 229 230 230 219 220 205 185 191 196 216 197 190 179 173 174 191 211 220 217 202 172 95 16 9 11 13 16 19 24 26 25 24 40 192 230 232 219 223 222 218 209 216 218 222 208 209 216 214 218 208 217 216 219 210 218 225 230 238 226 230 250 255 250 120 38 21 13 6 4 7 37 56 
127 59 88 134 125 73 82 137 89 96 91 159 118 107 148 168 155 161 206 210 188 203 184 152 146 108 81 101 141 116 168 155 132 109 169 184 177 128 149 166 148 166 191 201 201 205 213 218 218 216 214 211 212 216 223 225 220 206 204 215 221 222 226 215 213 195 181 158 142 130 125 122 117 123 137 157 183 205 220 222 221 227 236 230 238 251 254 254 255 254 250 218 189 188 187 195 188 183 179 188 200 196 187 184 184 173 155 172 230 246 251 245 250 250 241 219 217 219 214 219 224 191 181 159 159 205 198 184 175 171 187 209 221 229 210 176 133 43 10 12 12 12 11 11 12 12 12 15 99 224 235 231 225 225 223 211 213 212 219 208 203 209 218 217 216 208 218 218 216 212 217 223 229 232 219 232 252 255 251 123 33 16 8 4 4 6 36 53 
127 96 84 107 158 103 100 122 159 133 110 130 163 125 128 184 168 136 149 206 201 173 210 175 150 185 127 130 160 192 188 122 116 99 148 147 151 151 160 175 172 189 206 213 217 210 206 218 218 221 220 216 218 220 219 217 219 213 218 223 219 218 215 211 204 185 166 150 143 138 137 134 136 146 165 187 207 217 223 230 227 224 227 234 249 253 254 254 255 246 220 188 180 191 189 192 185 181 188 196 194 186 175 174 173 158 179 223 248 247 248 243 242 235 227 215 221 212 206 224 213 185 173 134 162 200 191 180 173 179 196 221 226 227 188 148 84 21 16 18 17 16 14 13 9 8 7 15 179 233 232 225 233 222 222 205 215 202 209 200 206 206 216 218 213 212 216 216 214 214 211 221 226 227 217 239 253 254 249 108 20 11 6 4 3 6 34 49 
103 154 76 82 156 144 130 137 185 173 145 127 173 171 157 167 210 165 150 167 228 152 183 144 142 199 194 163 142 187 169 185 154 119 133 138 139 166 180 190 190 194 203 207 216 220 213 212 216 222 216 224 224 219 212 213 217 221 228 222 214 208 202 195 184 179 169 164 163 160 159 160 167 181 198 208 216 222 232 244 236 229 235 241 245 250 255 253 243 214 185 182 182 190 179 176 180 193 198 193 184 177 175 164 156 172 223 247 250 249 251 249 239 216 215 222 221 211 218 222 195 186 175 163 195 193 181 178 177 190 214 229 237 215 162 120 40 23 26 25 23 20 17 15 10 6 7 64 223 239 227 228 230 223 223 206 215 196 203 200 204 205 216 223 212 209 215 215 213 214 211 228 231 233 228 244 251 250 245 84 15 8 4 4 3 5 33 48 
61 122 105 56 114 150 95 94 122 156 143 90 145 179 156 147 176 180 179 164 230 171 162 169 176 215 193 151 108 166 146 171 152 154 161 162 161 178 187 198 203 195 192 203 208 216 222 217 214 226 219 224 224 220 213 216 216 215 217 218 209 196 181 177 182 191 203 202 203 198 195 193 198 212 221 225 226 229 238 243 243 245 243 242 242 248 254 236 205 187 175 186 180 183 169 167 182 193 190 181 178 177 168 154 176 211 238 251 246 251 255 250 231 211 215 227 216 216 227 206 191 190 185 194 198 182 177 175 186 203 230 239 241 187 147 68 22 26 30 30 29 26 24 19 12 7 10 150 235 245 232 237 225 229 215 210 208 204 202 202 199 202 213 219 206 206 217 217 209 221 222 232 234 240 232 248 250 249 239 72 12 5 5 4 4 5 32 48 
20 70 91 66 88 102 136 103 128 80 163 120 148 148 178 136 145 161 175 152 180 185 167 169 196 177 169 176 91 153 107 139 108 144 182 188 185 183 192 198 203 206 193 199 203 208 218 218 221 224 220 219 222 221 218 214 210 211 207 206 197 185 181 189 209 224 232 233 234 227 224 216 222 229 229 236 240 233 237 233 250 251 240 246 249 246 230 202 175 183 178 186 180 174 171 178 181 179 174 169 173 165 153 174 217 236 244 249 248 253 243 236 219 209 221 220 214 223 216 197 197 189 190 198 184 174 176 181 200 223 233 238 223 174 104 23 18 27 31 33 31 30 28 23 16 14 46 213 245 242 233 238 230 234 202 213 195 215 203 204 192 205 208 210 201 208 215 214 211 224 223 232 234 241 230 252 253 254 239 64 9 5 4 3 4 5 31 48 
64 84 58 150 127 104 138 190 173 115 146 207 187 179 170 193 176 153 177 164 168 180 169 150 177 132 143 171 156 161 117 152 142 166 180 188 202 191 190 194 200 209 202 202 202 211 218 216 224 225 219 217 220 214 218 214 208 201 190 185 192 198 210 228 236 244 241 239 232 224 230 227 231 230 230 235 241 238 241 239 244 241 240 248 246 216 189 174 174 191 194 188 177 175 186 187 177 167 164 162 156 147 177 216 236 247 250 249 252 237 180 198 211 214 220 208 220 217 201 198 198 192 198 191 172 169 180 194 220 233 235 227 199 167 52 13 18 27 30 31 31 31 29 21 18 18 120 227 241 231 223 227 235 224 202 219 199 218 202 202 191 212 212 210 204 214 213 214 214 220 226 227 235 239 228 254 254 255 234 52 7 4 4 4 3 5 30 46 
91 108 88 131 164 104 98 135 181 134 128 146 198 186 177 173 194 180 185 189 201 205 189 174 169 155 123 127 153 164 164 173 177 187 189 193 198 192 193 191 204 211 209 207 208 215 218 219 222 227 220 206 202 198 204 204 198 189 188 192 210 227 242 250 247 245 239 233 229 219 231 233 236 229 225 227 235 241 246 239 238 240 234 232 204 178 165 171 186 211 212 195 189 195 194 186 176 166 161 152 141 162 218 236 244 249 250 250 250 206 132 177 214 219 209 209 219 205 195 200 198 197 197 182 173 175 194 209 232 234 236 198 186 166 98 55 38 31 29 29 29 30 23 17 16 36 184 224 230 218 219 219 232 206 207 220 208 213 202 196 196 210 214 203 206 218 214 213 218 219 229 225 234 235 235 255 254 254 225 42 7 4 4 4 3 5 29 45 
20 63 90 62 133 131 95 100 134 158 173 140 158 195 189 180 181 186 161 148 178 183 174 177 172 177 164 151 147 162 168 182 195 193 195 200 191 191 201 203 208 213 216 212 213 215 218 215 218 218 204 189 181 175 181 193 200 198 209 224 233 249 250 251 244 242 237 229 230 226 229 233 238 231 230 231 231 240 247 240 241 234 207 187 160 160 166 182 206 222 214 214 223 219 199 184 178 171 156 140 158 204 237 242 241 251 252 251 238 201 163 193 218 211 209 218 210 196 203 200 192 192 185 181 179 181 199 218 233 240 214 173 177 203 185 147 121 92 55 36 29 26 15 10 12 100 214 213 220 206 208 215 227 198 210 209 211 206 203 192 203 204 209 198 209 215 213 210 220 221 232 225 237 234 237 254 254 251 218 36 6 4 4 3 3 5 27 44 
2 7 39 82 101 89 136 101 115 107 160 152 129 160 123 153 147 139 116 127 156 169 125 129 148 167 169 168 170 174 175 184 200 202 196 199 195 198 212 219 212 215 220 217 213 212 215 213 211 203 190 174 165 164 175 201 217 226 239 248 244 246 246 243 242 239 241 234 226 227 228 232 236 236 243 238 233 236 244 244 233 198 167 150 147 163 180 205 211 213 223 238 237 225 212 197 186 167 151 160 202 229 247 243 234 250 252 244 226 209 204 208 212 209 220 213 201 203 207 189 185 182 175 180 178 183 197 214 232 235 181 177 176 206 208 205 215 182 137 99 66 34 14 7 21 176 214 202 215 194 203 212 208 200 209 203 213 200 200 188 203 199 205 198 213 214 215 202 217 218 228 225 238 228 239 253 255 250 213 30 5 3 4 3 3 5 27 44 
1 1 2 19 67 71 83 129 114 68 61 137 142 149 111 75 158 134 111 94 95 121 123 126 143 163 174 178 185 186 187 190 201 202 205 197 203 206 214 224 220 217 218 215 210 208 210 206 202 186 176 168 165 180 202 219 230 241 248 251 245 242 244 240 235 234 234 228 228 230 228 234 234 235 244 241 244 243 234 230 196 159 140 141 143 177 200 210 204 219 238 244 230 224 221 213 191 163 169 202 228 242 252 248 235 238 239 232 219 211 219 209 208 219 212 200 203 208 198 185 184 175 174 181 182 189 205 202 231 200 176 177 180 189 186 207 227 217 205 180 132 81 52 29 80 210 201 217 221 206 212 212 196 200 207 203 212 203 197 191 201 197 207 199 211 216 205 193 207 212 208 209 221 218 233 251 254 252 204 27 6 4 4 4 4 5 27 44 
1 1 1 1 5 19 39 81 120 121 86 105 140 170 142 104 131 134 119 120 104 105 133 149 169 175 185 186 189 194 199 197 202 198 198 202 205 209 211 214 213 219 216 210 208 204 202 192 183 173 176 180 193 207 233 234 226 239 248 250 244 246 244 230 222 228 231 227 229 233 230 229 232 237 244 245 248 243 209 181 148 135 129 114 125 184 200 197 213 232 235 228 220 223 221 203 180 182 212 232 242 251 254 251 234 223 224 218 220 219 218 209 214 220 198 196 208 194 192 190 181 175 175 187 192 201 200 201 214 174 182 182 186 181 179 203 206 197 202 201 160 137 118 81 162 223 210 231 219 207 207 210 196 201 192 200 201 202 197 196 207 202 205 198 202 205 192 173 187 198 190 189 208 213 223 249 253 248 192 22 6 5 7 8 7 7 27 43 
1 1 1 1 1 2 4 19 60 97 116 122 119 125 141 129 133 130 119 107 127 135 153 169 176 186 186 187 197 199 202 201 205 200 191 200 213 206 209 205 206 210 213 209 200 188 186 184 186 191 200 207 225 232 240 244 235 238 248 253 247 242 235 222 223 227 234 232 230 228 235 235 234 234 245 244 232 202 165 141 130 126 95 59 69 129 167 203 228 230 220 213 211 214 203 185 189 211 244 246 250 253 255 247 224 212 205 207 217 218 209 217 220 209 191 206 197 182 195 189 180 180 179 196 207 217 193 212 200 181 186 192 187 182 193 200 190 183 188 174 144 148 150 121 218 237 227 229 209 203 185 181 195 209 194 203 198 199 190 200 207 205 198 191 198 195 192 155 173 192 198 194 213 215 224 244 245 243 170 17 5 5 7 11 12 12 29 43 
1 1 1 1 1 1 1 2 11 33 52 87 95 100 117 103 108 119 137 133 143 152 168 177 175 185 187 188 197 202 200 208 204 204 199 204 211 210 206 205 205 204 199 193 186 179 187 198 206 218 219 228 231 236 240 245 244 247 244 243 239 235 233 234 236 233 230 231 232 235 240 243 243 234 231 222 182 146 128 129 117 82 46 25 28 51 94 168 210 218 213 211 205 193 182 194 221 233 254 247 253 253 251 233 217 201 192 201 207 204 208 223 213 195 202 205 185 185 192 181 182 182 193 206 223 228 217 222 200 187 197 195 189 195 201 199 182 178 179 146 131 135 125 165 233 236 235 226 215 189 176 175 203 212 202 210 195 191 183 194 186 202 187 184 197 193 199 170 187 196 206 212 210 206 219 237 241 239 150 14 4 4 5 7 7 10 28 43 
1 1 1 1 1 1 1 1 4 16 46 67 70 84 86 102 110 118 133 150 164 166 175 176 170 180 189 189 199 198 196 206 207 206 209 206 209 210 208 205 201 187 182 180 186 195 200 216 220 225 225 231 228 233 235 242 248 246 239 228 229 236 239 243 240 229 232 229 231 239 244 242 240 229 201 170 133 123 118 106 68 32 18 20 24 25 36 77 126 176 205 207 188 175 191 224 244 245 253 249 253 247 237 224 215 208 205 210 202 199 215 218 198 199 206 192 186 194 183 175 175 186 204 215 235 231 229 216 190 194 202 197 195 207 206 194 183 180 169 131 129 128 131 218 232 223 225 220 217 211 195 193 203 199 204 200 188 184 181 184 172 192 183 181 195 193 194 194 207 192 205 210 201 201 205 223 230 245 131 11 4 6 8 7 5 6 26 43 
1 1 1 1 1 1 1 1 3 21 47 72 67 95 102 114 132 141 144 157 168 174 184 178 170 179 188 194 197 193 191 204 209 208 208 205 203 206 204 195 190 185 184 194 210 217 214 219 219 224 229 234 234 232 232 235 235 235 233 232 234 228 237 235 234 225 233 231 232 238 238 238 224 190 154 129 118 117 93 55 23 13 14 17 21 24 26 29 45 90 142 171 173 188 222 250 250 248 251 251 251 231 223 217 220 223 217 211 201 207 217 205 196 205 189 187 191 189 177 174 180 191 208 232 242 232 212 202 186 200 199 194 205 212 208 191 186 183 154 131 130 123 186 245 229 222 225 207 213 222 205 196 201 193 207 192 184 181 184 179 172 189 185 186 197 190 186 194 197 187 193 200 201 202 212 212 229 247 118 10 5 9 12 12 10 9 28 43 
1 1 1 1 1 1 1 1 3 22 49 90 97 120 134 142 147 153 158 158 163 171 185 185 180 183 192 193 195 197 193 200 206 207 199 196 192 188 191 193 195 199 206 216 224 219 220 218 220 219 229 233 235 232 221 221 224 228 233 237 237 221 228 226 224 228 235 235 232 235 228 210 175 138 120 121 113 80 43 17 12 12 12 16 18 25 30 27 27 32 58 119 189 222 242 254 251 253 251 252 237 213 214 220 224 225 213 204 207 211 210 202 206 196 182 192 190 184 182 182 196 196 222 245 253 229 201 186 192 197 193 197 206 205 200 187 187 179 144 136 135 132 223 243 232 232 222 215 213 204 198 200 200 202 214 190 195 187 193 187 189 188 193 187 185 188 185 191 187 188 186 190 196 209 225 225 239 245 110 9 5 8 12 12 12 13 29 43 
1 1 1 1 1 1 2 8 23 55 81 112 127 137 146 152 154 155 165 166 164 168 181 185 189 186 187 197 196 200 196 194 200 197 190 188 185 187 191 202 215 215 217 222 217 216 223 224 226 222 227 230 228 221 218 219 220 230 233 231 232 220 218 221 223 226 230 229 229 220 191 154 125 111 112 104 81 34 13 11 12 12 13 16 24 36 37 30 27 28 59 148 220 244 249 255 254 255 245 238 219 206 217 224 225 214 206 209 211 204 205 211 200 190 191 195 188 187 187 195 203 212 236 251 249 222 189 184 190 190 189 207 205 200 184 182 180 155 140 138 134 171 223 221 230 233 226 229 219 196 193 211 196 214 208 195 208 194 199 190 195 179 182 153 133 179 181 195 184 197 189 196 198 213 229 237 241 235 91 10 6 9 12 12 11 12 29 52 
