P2
64 64
255
27 24 22 22 26 43 40 80 90 60 38 18 12 16 27 81 92 119 95 32 30 28 28 26 25 21 19 18 18 18 18 19 24 15 11 11 12 11 11 2 1 1 2 1 1 9 19 14 18 19 21 37 57 43 45 48 53 54 52 106 196 196 183 180 
27 24 22 21 27 38 79 94 70 55 37 25 19 21 46 89 97 89 125 44 34 31 27 25 24 23 24 24 22 21 18 14 23 27 15 11 11 10 11 2 1 1 1 1 2 10 22 36 29 28 40 38 62 51 50 50 51 52 49 98 198 192 143 143 
22 20 17 17 20 47 96 82 46 54 44 38 31 49 64 92 107 80 117 64 27 27 25 24 23 24 23 22 21 21 19 14 11 36 35 16 16 16 13 1 1 1 1 1 2 18 33 47 40 34 40 38 60 51 49 49 51 51 49 94 198 194 175 182 
16 19 19 14 20 64 63 41 27 49 57 44 41 59 75 93 96 66 107 97 23 21 21 22 22 23 25 24 22 21 19 19 15 23 41 37 36 40 26 2 1 1 2 1 2 67 145 128 107 74 67 37 64 53 50 50 50 52 50 87 179 167 142 116 
16 16 20 15 23 53 31 20 24 44 66 59 48 52 67 89 91 45 78 63 22 21 23 24 25 25 28 29 29 32 35 40 49 56 59 64 67 58 39 4 1 1 2 1 2 87 158 150 143 94 91 38 85 131 105 54 57 76 92 101 105 93 84 74 
19 21 20 17 25 31 29 29 26 36 55 77 64 56 62 70 75 34 48 65 28 27 26 27 31 34 40 47 52 61 65 69 73 81 90 100 102 44 74 22 13 9 7 5 5 74 125 138 134 88 95 37 87 157 148 89 96 153 155 152 150 150 148 145 
23 23 29 36 22 30 30 21 20 35 45 61 85 79 65 84 77 21 35 58 40 39 45 54 64 70 73 79 85 98 111 112 122 130 134 141 85 70 33 31 26 27 28 28 26 26 29 51 68 44 36 34 74 134 130 71 98 126 130 137 137 143 145 144 
28 29 26 35 13 27 43 34 23 34 45 58 72 87 92 86 72 40 38 47 67 70 72 77 90 101 109 118 128 132 137 138 132 131 124 94 69 90 49 49 10 6 8 15 75 102 94 89 51 40 47 37 39 44 46 39 55 63 73 83 95 105 108 110 
28 28 27 41 15 16 46 49 34 34 51 65 83 93 111 110 89 73 65 47 67 102 113 118 125 131 132 133 144 144 106 77 59 45 37 14 15 14 20 32 16 21 25 75 130 136 133 134 54 33 114 47 77 121 107 77 92 79 65 51 44 44 45 45 
29 30 30 50 24 23 31 51 39 24 39 53 69 89 95 101 98 93 98 48 62 108 119 126 129 101 61 38 124 123 61 19 21 24 27 34 26 26 26 44 36 37 40 106 132 137 140 142 64 38 103 40 72 130 100 76 82 79 74 78 96 112 122 120 
29 35 37 56 46 52 55 61 43 30 26 35 45 62 88 105 107 138 142 79 52 89 77 42 22 13 12 57 111 112 110 21 16 14 17 27 25 33 28 45 41 42 44 97 130 140 145 150 73 38 89 48 66 113 111 110 117 128 136 137 144 156 155 146 
33 35 41 59 70 74 77 62 9 5 6 6 8 13 32 77 116 123 127 114 32 17 10 9 10 11 19 110 126 120 132 26 16 15 22 24 29 36 30 46 37 32 33 36 39 48 56 66 48 36 95 55 65 146 159 153 149 151 150 140 126 111 105 103 
63 65 64 65 69 75 83 39 5 3 5 2 6 8 11 13 53 102 103 104 32 9 8 8 9 10 61 132 130 115 101 35 16 15 25 29 29 37 32 43 35 38 37 79 86 83 72 65 48 39 43 45 46 64 80 90 107 121 122 112 105 121 155 178 
64 81 95 104 108 105 70 9 8 5 3 6 9 8 8 10 33 89 82 68 9 6 7 7 7 14 101 127 123 124 128 49 16 16 25 29 30 35 28 40 31 39 36 98 110 113 112 113 84 42 97 69 46 72 57 49 47 45 48 53 62 83 110 131 
32 36 48 64 79 85 29 8 7 5 9 11 10 9 8 9 41 94 80 30 6 5 5 5 11 32 94 111 123 129 135 65 17 17 25 31 31 32 26 42 36 41 39 107 119 123 125 127 101 41 99 72 53 89 87 82 70 46 42 42 77 76 58 54 
29 29 29 31 31 28 8 9 6 7 13 12 9 8 12 35 32 24 15 10 5 6 16 39 69 103 124 126 133 132 123 71 18 17 24 31 30 32 28 43 42 45 42 94 109 119 124 120 94 40 74 60 51 74 63 53 51 50 50 54 149 184 160 157 
33 33 29 29 29 18 9 9 5 5 12 11 9 35 64 24 9 16 20 26 38 45 52 61 93 105 114 121 122 117 112 76 19 18 24 32 30 32 30 48 49 50 47 97 113 100 93 89 70 43 53 43 48 56 51 53 53 53 52 58 161 221 201 177 
114 104 53 37 28 13 17 18 4 3 7 5 26 60 64 66 80 104 82 60 54 41 54 88 95 83 81 85 88 95 101 71 21 19 22 31 30 33 33 52 60 55 51 68 77 94 119 110 47 38 40 43 50 82 110 60 58 62 65 71 147 181 171 157 
171 183 141 116 65 38 113 131 49 5 4 4 14 26 33 47 61 73 56 41 79 95 102 105 103 103 107 117 119 122 118 93 25 19 21 30 31 33 32 56 70 70 81 113 124 123 118 90 43 36 53 66 51 117 177 75 73 92 123 143 147 154 143 133 
182 189 138 205 148 155 224 233 207 49 4 4 16 20 22 21 22 33 52 33 41 62 87 109 134 155 163 154 122 108 93 60 32 17 15 20 21 19 23 58 108 102 126 134 125 121 124 110 43 70 88 58 50 102 155 130 157 160 160 155 159 122 106 94 
203 192 149 203 195 225 234 205 244 186 24 6 18 21 22 26 25 29 44 14 33 28 32 41 74 112 142 109 75 30 52 53 28 50 47 50 60 71 64 62 83 81 93 113 123 126 120 92 36 84 97 59 47 104 152 132 141 161 153 120 91 92 103 118 
208 200 176 177 223 231 210 210 240 226 127 9 17 19 20 25 26 29 45 10 35 25 21 23 26 30 36 48 61 62 51 42 57 90 105 116 119 118 112 109 99 92 80 64 60 68 77 66 30 62 92 62 48 111 132 108 96 105 87 91 109 120 124 132 
188 176 195 198 226 220 234 232 247 213 228 70 18 16 17 22 25 26 40 10 36 31 19 17 13 11 13 34 34 35 40 52 80 107 129 134 132 128 127 134 128 128 133 128 110 84 60 47 38 51 101 78 46 98 105 84 85 94 107 122 137 133 105 63 
171 165 186 208 230 238 237 245 239 219 214 220 88 36 23 23 25 24 38 9 26 27 11 6 5 5 7 26 26 16 21 28 32 38 48 66 94 127 146 150 139 138 143 140 136 129 123 121 108 96 117 71 45 99 114 103 107 126 133 129 88 49 34 28 
164 182 178 204 211 234 215 248 218 245 245 255 239 197 151 91 72 57 80 55 70 53 25 25 11 6 7 25 30 16 14 15 15 18 21 28 35 40 52 78 108 136 148 151 151 143 145 146 150 159 159 154 139 128 125 128 126 147 78 48 34 35 27 21 
167 159 175 205 184 213 199 241 227 239 248 251 255 255 254 233 209 204 199 159 198 174 128 118 82 31 22 33 33 20 12 9 8 10 10 12 14 18 25 32 38 45 61 79 108 139 163 170 171 172 168 162 143 125 115 107 108 152 139 103 30 17 16 19 
159 163 161 185 195 199 187 222 240 232 246 236 245 255 255 255 243 255 253 206 197 214 157 149 126 165 103 110 80 28 7 4 4 6 4 6 8 11 12 13 22 21 31 36 41 49 66 95 126 140 112 97 88 91 95 101 108 124 128 168 151 112 71 38 
149 156 156 156 211 192 201 211 225 226 240 228 237 250 255 255 254 255 255 254 237 235 175 178 89 201 167 128 148 96 35 6 3 5 4 3 2 3 4 7 16 11 18 14 17 24 31 38 42 43 53 84 116 145 162 169 170 172 174 186 184 186 185 166 
156 152 158 146 180 181 218 208 204 212 245 229 235 240 245 254 255 255 254 255 254 255 234 244 146 182 142 131 144 87 120 31 4 5 4 3 2 3 1 3 12 8 14 13 11 11 11 13 19 30 41 43 47 58 81 113 143 170 186 187 187 187 183 180 
184 149 155 153 153 161 210 213 192 218 233 227 241 239 224 247 255 254 253 255 255 246 234 248 248 250 225 206 187 136 195 124 6 6 10 19 17 11 4 8 23 10 12 14 10 11 12 14 15 20 25 25 40 42 45 46 49 55 80 114 148 176 189 188 
189 162 150 150 158 158 175 179 196 211 223 210 230 237 247 243 236 251 251 255 255 251 246 246 253 254 254 239 233 217 214 186 40 39 58 66 72 70 59 84 125 106 80 53 50 50 50 51 48 46 51 53 57 56 57 61 61 59 60 58 58 62 104 109 
142 182 158 147 151 158 169 151 187 208 197 207 227 233 236 250 232 225 235 255 255 255 254 250 237 252 244 241 246 251 253 221 150 82 71 65 62 59 58 123 172 218 149 74 53 51 50 48 51 46 53 58 57 57 60 58 64 79 84 78 62 48 55 44 
142 175 190 154 130 146 168 161 167 188 186 220 220 211 219 244 249 230 234 235 255 252 255 249 239 247 250 254 255 254 255 236 243 190 129 123 93 57 62 169 191 196 115 85 70 65 65 62 61 59 117 131 69 65 74 77 77 72 59 50 51 63 48 43 
165 148 142 184 151 139 152 178 175 172 171 219 206 190 200 228 239 233 242 220 232 227 255 250 234 243 254 253 255 254 251 236 253 255 252 239 230 191 168 216 226 235 215 180 149 117 93 82 74 78 181 149 77 81 94 78 60 66 82 76 70 50 42 42 
187 101 122 190 194 149 136 177 192 179 164 176 214 190 203 208 202 219 234 240 219 222 250 253 249 249 242 249 251 246 232 232 255 255 255 255 255 255 253 250 250 250 254 248 250 245 226 196 150 114 209 124 77 76 89 70 86 102 108 83 54 41 41 41 
176 154 165 139 158 180 144 161 175 198 176 173 190 193 217 221 176 212 233 220 225 240 245 238 254 254 251 247 252 253 236 247 255 255 255 255 255 255 255 255 255 255 255 255 254 255 255 255 250 234 225 205 169 91 112 94 103 111 102 55 41 40 42 41 
131 166 183 99 104 173 184 152 154 196 199 200 171 184 217 199 195 211 212 204 211 242 225 238 223 253 250 246 252 253 255 255 255 255 255 255 255 255 255 255 255 255 255 255 255 255 255 255 255 255 253 252 211 167 175 102 96 89 60 41 41 40 40 39 
119 124 190 155 150 144 168 186 163 163 179 198 188 181 201 204 201 221 209 220 227 233 211 238 233 245 226 251 255 247 252 254 255 255 255 255 255 255 255 255 255 255 255 255 255 255 255 255 255 250 251 255 252 246 228 149 103 60 41 40 40 39 37 37 
199 133 149 182 181 137 112 174 177 157 146 184 205 208 204 207 216 223 227 246 248 199 179 213 233 226 246 252 253 251 248 254 255 255 255 255 255 255 255 255 255 255 254 255 254 255 255 255 255 254 244 252 252 255 254 222 76 41 41 40 40 39 37 35 
253 215 132 108 170 154 102 154 154 175 175 166 189 198 194 195 217 219 221 237 238 219 174 208 230 227 246 243 248 254 254 253 250 255 255 255 255 255 255 255 255 255 255 255 254 255 255 255 255 255 255 255 248 252 255 251 116 44 40 40 39 38 37 32 
239 255 201 104 141 183 158 163 133 140 181 179 163 193 180 181 196 215 219 213 210 229 240 243 235 210 206 232 244 230 240 252 231 249 253 248 246 254 255 255 255 255 255 255 255 255 255 255 255 255 255 250 255 247 246 255 229 93 40 40 38 35 33 29 
242 250 252 157 151 143 159 178 146 144 146 177 169 197 199 180 183 199 213 211 214 207 244 243 227 196 180 207 239 203 215 248 241 237 254 253 242 250 255 255 255 255 255 254 255 255 255 255 255 249 255 250 254 249 233 247 252 169 43 39 35 32 31 27 
224 242 252 243 183 130 128 177 190 179 141 146 167 185 201 190 168 177 183 206 228 218 233 213 231 224 227 227 249 202 210 249 247 207 234 250 254 254 255 255 255 255 255 255 255 255 255 255 255 255 243 255 255 246 239 249 251 227 67 41 39 34 30 28 
222 200 240 255 236 162 161 154 171 190 175 139 173 163 175 198 192 192 184 174 213 231 214 212 205 252 254 255 245 232 227 249 242 236 235 254 255 255 255 255 255 255 255 255 255 255 255 255 255 254 241 255 255 253 236 252 254 253 178 117 114 100 93 84 
253 241 202 237 255 217 187 143 129 162 198 170 183 142 156 161 209 222 204 178 183 203 219 222 209 243 242 234 250 243 239 253 254 254 251 255 255 255 255 255 255 255 255 255 255 255 255 255 255 246 229 255 249 254 217 253 244 246 234 234 216 192 191 180 
251 254 182 195 243 254 231 208 142 132 160 168 197 159 142 156 180 178 223 208 210 186 211 231 231 237 211 222 253 255 246 254 254 255 252 255 255 255 255 254 255 255 255 252 254 255 255 254 255 249 238 250 245 250 209 246 243 241 215 226 207 203 201 203 
255 239 238 158 228 255 235 241 194 149 154 141 188 212 196 175 180 165 197 211 238 218 204 223 240 237 238 228 254 248 241 248 244 255 238 246 255 255 255 249 254 255 255 247 254 255 254 255 255 255 255 231 246 255 223 229 218 217 218 220 216 216 222 227 
250 248 250 204 218 253 227 247 225 173 188 206 207 201 208 213 206 197 172 210 226 207 215 228 236 242 253 254 248 235 211 244 240 252 228 234 255 255 255 254 254 242 253 255 255 255 242 250 252 255 252 246 246 246 208 220 214 199 204 225 236 234 234 239 
253 255 255 243 217 227 249 226 238 179 206 244 177 180 185 212 228 211 188 204 203 202 152 220 231 231 248 254 234 237 225 230 221 240 248 244 246 253 255 255 255 244 254 255 255 250 233 241 251 255 253 255 230 211 204 209 201 201 204 214 228 235 235 241 
255 255 255 234 214 200 249 228 227 224 250 251 193 203 218 219 224 220 216 231 199 181 162 205 208 201 242 241 222 242 251 247 211 218 246 254 252 232 249 247 255 255 255 254 255 237 249 253 255 255 254 248 217 200 208 204 203 211 216 207 212 221 226 240 
255 255 255 251 242 225 255 248 237 183 253 253 250 247 252 241 241 226 218 234 209 172 198 225 197 191 222 248 246 246 247 253 234 217 237 251 255 230 249 243 254 255 251 227 251 219 251 241 249 244 238 213 202 201 207 205 196 204 212 204 210 216 219 232 
247 248 252 254 254 249 255 254 235 224 254 253 255 255 255 252 233 235 217 233 202 212 226 225 216 163 214 218 222 235 235 226 249 245 238 230 233 244 251 253 244 254 251 229 222 218 225 208 216 213 208 188 186 186 195 196 181 167 168 191 204 213 225 230 
236 217 224 233 253 255 255 255 254 254 255 255 254 254 255 230 143 237 240 217 234 219 239 221 223 200 225 207 198 223 247 238 249 252 248 218 215 232 233 222 212 218 240 245 205 218 213 213 192 190 183 183 169 161 162 165 149 125 131 191 205 216 225 222 
236 199 191 219 225 237 255 252 255 253 253 254 253 248 255 238 187 226 240 226 224 220 215 223 208 226 240 214 210 203 215 251 242 219 239 225 228 221 221 208 183 204 203 237 228 204 200 205 187 174 154 160 145 132 122 128 127 131 153 199 212 221 213 213 
242 218 203 210 229 195 228 222 243 217 213 229 254 240 244 253 243 254 247 223 239 233 190 204 211 195 210 222 225 194 205 203 216 219 216 225 220 224 213 199 198 200 180 207 207 193 183 179 165 145 122 118 108 107 104 114 124 147 169 182 193 203 204 211 
224 230 211 227 245 201 179 180 243 215 199 212 253 242 227 238 244 249 248 221 227 227 191 173 210 182 203 190 218 216 217 189 211 206 239 210 201 197 196 184 194 186 172 194 191 187 156 135 129 114 95 85 89 90 104 111 117 133 158 161 166 192 205 213 
219 241 210 224 244 223 195 193 239 226 202 202 236 216 216 226 253 222 238 248 244 221 213 117 178 186 195 206 202 150 199 211 222 180 223 189 215 201 173 162 174 181 170 175 171 171 154 132 121 106 87 83 98 85 96 92 96 103 130 144 165 192 211 215 
237 225 242 227 230 241 220 202 214 209 204 191 215 191 196 209 240 223 230 254 235 226 238 130 160 171 167 207 210 114 164 151 201 197 210 197 178 196 161 155 165 178 175 157 141 130 151 149 124 110 98 109 107 99 109 90 95 108 140 159 178 195 211 215 
193 195 249 239 233 236 247 224 205 208 200 186 189 160 190 200 212 211 219 227 195 201 220 162 182 156 163 174 171 154 161 148 139 167 185 193 147 170 156 163 162 166 180 160 148 137 151 135 113 120 125 129 113 119 145 137 144 156 175 184 184 199 208 224 
187 159 217 203 218 222 240 242 230 224 202 155 165 161 149 165 196 191 192 192 184 197 161 179 197 153 188 169 135 112 147 183 126 128 151 171 163 169 172 175 168 162 182 179 181 175 148 128 107 133 155 149 139 142 168 180 186 190 189 196 194 211 221 240 
157 139 196 160 171 180 214 207 227 233 228 198 203 218 188 188 217 210 218 188 196 203 146 170 175 196 222 173 165 70 120 150 154 148 161 174 174 173 175 178 179 174 178 187 180 166 117 116 124 156 176 175 176 174 182 192 198 199 203 210 215 232 236 247 
170 143 195 142 152 156 207 191 200 214 239 233 215 224 240 171 192 204 220 179 208 222 191 209 151 201 241 176 146 125 122 117 160 168 172 180 176 168 167 168 174 174 177 177 162 148 119 140 165 186 191 185 182 182 192 200 200 203 215 226 236 244 247 249 
208 210 241 171 179 171 220 198 194 200 232 207 204 215 253 156 142 166 195 133 187 180 189 234 153 212 230 180 127 145 139 145 160 166 158 163 158 161 164 165 172 173 174 176 172 166 159 177 181 190 192 182 174 179 198 202 195 208 227 239 245 248 247 250 
162 174 237 223 223 230 241 201 203 209 214 154 184 247 241 192 171 161 211 147 186 175 141 205 158 205 187 166 140 129 136 155 156 160 153 152 144 161 172 176 180 180 179 184 188 182 163 159 141 168 170 161 166 169 188 191 193 216 236 245 247 249 249 251 
